src/forcedphot/ephemeris/Encke_2024-01-01_00-00-00.000_2025-12-31_23-59-00.000.ecsv
# %ECSV 1.0
# ---
# datatype:
# - {name: datetime, unit: d, datatype: float64, description: Time for the ephemeris data points.}
# - {name: RA_deg, unit: deg, datatype: float64, description: Right Ascension in degrees}
# - {name: DEC_deg, unit: deg, datatype: float64, description: Declination in degrees}
# - {name: RA_rate_arcsec_per_h, unit: arcsec / h, datatype: float64, description: Rate of change in Right Ascension}
# - {name: DEC_rate_arcsec_per_h, unit: arcsec / h, datatype: float64, description: Rate of change in Declination}
# - {name: AZ_deg, unit: deg, datatype: float64, description: Azimuth in degrees}
# - {name: EL_deg, unit: deg, datatype: float64, description: Elevation in degrees}
# - {name: r_au, unit: AU, datatype: float64, description: Heliocentric distance in astronomical units}
# - {name: delta_au, unit: AU, datatype: float64, description: Geocentric distance in astronomical units}
# - {name: V_mag, datatype: float64, description: Visual magnitude}
# - {name: alpha_deg, unit: deg, datatype: float64, description: Phase angle in degrees}
# - {name: RSS_3sigma_arcsec, unit: arcsec, datatype: float64, description: 3-sigma uncertainty in arcseconds}
# - {name: SMAA_3sigma_arcsec, unit: arcsec, datatype: float64, description: Semi-major axis of error ellipse}
# - {name: SMIA_3sigma_arcsec, unit: arcsec, datatype: float64, description: Semi-minor axis of error ellipse}
# - {name: Theta_3sigma_deg, unit: deg, datatype: float64, description: Position angle of error ellipse}
# schema: astropy-2.0
datetime RA_deg DEC_deg RA_rate_arcsec_per_h DEC_rate_arcsec_per_h AZ_deg EL_deg r_au delta_au V_mag alpha_deg RSS_3sigma_arcsec SMAA_3sigma_arcsec SMIA_3sigma_arcsec Theta_3sigma_deg
[from data line 2871]
2460430.125 338.95808 -12.2549 25.95294 11.16102 293.46165 54.480301 2.667271576707 2.95966472346774 19.874 19.7506 0.297 0.26 0.144 34.811
2460430.166666667 338.96547 -12.2518 26.04446 11.17993 281.471473 42.08538 2.667600743367 2.95942071749835 19.874 19.7539 0.298 0.26 0.144 34.81
2460430.208333333 338.97289 -12.2487 26.16686 11.19161 272.715703 29.2039 2.667929854732 2.959178122864 19.874 19.7573 0.298 0.26 0.144 34.81
2460430.25 338.98035 -12.24559 26.31017 11.19463 265.212445 16.226735 2.668258910838 2.95893640710013 19.874 19.7607 0.298 0.26 0.144 34.809
2460430.291666667 338.98786 -12.24249 26.463 11.18816 257.940359 3.38623 2.668587911724 2.95869496127866 19.874 19.7642 0.298 0.26 0.144 34.808
2460430.333333333 338.9954 -12.23939 26.61331 11.17199 250.159509 -9.097554 2.668916857432 2.95845314170117 19.874 19.7676 0.298 0.26 0.144 34.808
2460430.375 339.00299 -12.2363 26.74923 11.14663 241.115193 -20.930979 2.669245748001 2.95821031397197 19.874 19.7712 0.298 0.26 0.145 34.807
2460430.416666667 339.01061 -12.23321 26.85986 11.11316 229.8646 -31.647104 2.669574583469 2.95796589643387 19.874 19.7747 0.298 0.26 0.145 34.807
2460430.458333333 339.01826 -12.23014 26.93604 11.07325 215.26937 -40.465057 2.669903363872 2.95771939999386 19.874 19.7783 0.298 0.261 0.145 34.806
2460430.5 339.02593 -12.22708 26.97097 11.029 196.59304 -46.189257 2.670232089235 2.95747046161284 19.874 19.7819 0.298 0.261 0.145 34.806
2460430.541666667 339.03359 -12.22402 26.96065 10.98281 175.118853 -47.531854 2.670560759581 2.95721886916782 19.874 19.7855 0.298 0.261 0.145 34.805
2460430.583333333 339.04125 -12.22099 26.9042 10.9372 154.541904 -44.103375 2.670889374923 2.95696457598489 19.874 19.7891 0.298 0.261 0.145 34.805
2460430.625 339.04889 -12.21796 26.80389 10.89466 137.695247 -36.826356 2.671217935266 2.95670770404871 19.874 19.7927 0.298 0.261 0.145 34.804
2460430.666666667 339.05649 -12.21495 26.66499 10.85746 124.734229 -27.037481 2.67154644061 2.95644853566839 19.874 19.7963 0.298 0.261 0.145 34.804
2460430.708333333 339.06405 -12.21194 26.4954 10.82751 114.599507 -15.748349 2.671874890947 2.95618749416965 19.874 19.7998 0.298 0.261 0.145 34.803
2460430.75 339.07156 -12.20894 26.30514 10.80623 106.218133 -3.580365 2.672203286263 2.95592511493422 19.874 19.8032 0.298 0.261 0.145 34.803
2460430.791666667 339.07901 -12.20595 26.10564 10.79442 98.746239 9.091658 2.672531626543 2.9556620087675 19.874 19.8067 0.298 0.261 0.145 34.802
2460430.833333333 339.0864 -12.20296 25.90896 10.79227 91.461315 22.017073 2.672859911768 2.95539882010137 19.874 19.81 0.298 0.261 0.145 34.802
2460430.875 339.09374 -12.19997 25.72698 10.79927 83.545079 34.981349 2.673188141921 2.95513618289258 19.875 19.8133 0.299 0.261 0.145 34.801
2460430.916666667 339.10103 -12.19697 25.57056 10.81431 73.67135 47.706664 2.673516316987 2.95487467723544 19.875 19.8166 0.299 0.261 0.145 34.8
2460430.958333333 339.10828 -12.19397 25.44882 10.83572 58.936498 59.619738 2.673844436955 2.95461478965921 19.875 19.8198 0.299 0.261 0.145 34.8
2460431.0 339.11551 -12.19096 25.36851 10.86138 32.266577 69.038951 2.674172501821 2.95435687982867 19.875 19.823 0.299 0.261 0.145 34.799
2460431.041666667 339.12271 -12.18795 25.33354 10.88892 348.311165 71.485644 2.674500511587 2.95410115592837 19.875 19.8262 0.299 0.261 0.145 34.799
2460431.083333333 339.12992 -12.18493 25.34471 10.91579 312.193058 64.817683 2.674828466261 2.95384766041675 19.875 19.8294 0.299 0.261 0.145 34.798
2460431.125 339.13713 -12.1819 25.39966 10.93953 292.778345 53.796747 2.675156365862 2.95359626712579 19.875 19.8326 0.299 0.261 0.145 34.797
2460431.166666667 339.14436 -12.17886 25.49306 10.95786 281.028748 41.365279 2.675484210413 2.9533466899055 19.875 19.8358 0.299 0.261 0.145 34.797
2460431.208333333 339.15163 -12.17582 25.6169 10.9689 272.365856 28.47311 2.675811999947 2.95309850222125 19.875 19.8391 0.299 0.262 0.145 34.796
2460431.25 339.15893 -12.17278 25.76112 10.97125 264.889806 15.49742 2.676139734497 2.9528511663622 19.875 19.8424 0.299 0.262 0.145 34.795
2460431.291666667 339.16627 -12.16974 25.91425 10.96411 257.604626 2.667851 2.676467414104 2.95260407026079 19.875 19.8457 0.299 0.262 0.145 34.795
2460431.333333333 339.17366 -12.1667 26.0642 10.94734 249.774385 -9.793538 2.676795038809 2.95235656940223 19.875 19.849 0.299 0.262 0.145 34.794
2460431.375 339.18109 -12.16367 26.19911 10.92143 240.636614 -21.586755 2.67712260865 2.95210803095486 19.875 19.8524 0.299 0.262 0.145 34.794
2460431.416666667 339.18856 -12.16065 26.30813 10.88754 229.233145 -32.231979 2.677450123667 2.9518578771003 19.875 19.8558 0.299 0.262 0.145 34.793
2460431.458333333 339.19604 -12.15764 26.38221 10.84733 214.418202 -40.92659 2.677777583892 2.9516056245976 19.875 19.8593 0.299 0.262 0.145 34.792
2460431.5 339.20355 -12.15464 26.41464 10.80291 195.509165 -46.452722 2.678104989353 2.95135091787366 19.875 19.8628 0.299 0.262 0.145 34.792
2460431.541666667 339.21106 -12.15165 26.40162 10.7567 173.94326 -47.537633 2.67843234007 2.9510935533753 19.875 19.8662 0.3 0.262 0.145 34.791
2460431.583333333 339.21856 -12.14867 26.3424 10.71119 153.489823 -43.864271 2.678759636056 2.95083349351653 19.875 19.8697 0.3 0.262 0.145 34.791
2460431.625 339.22603 -12.14571 26.23944 10.66888 136.85254 -36.410425 2.679086877317 2.9505708692664 19.875 19.8731 0.3 0.262 0.145 34.79
2460431.666666667 339.23347 -12.14276 26.09817 10.63199 124.068616 -26.5106 2.679414063851 2.95030597120036 19.876 19.8765 0.3 0.262 0.145 34.79
2460431.708333333 339.24086 -12.13981 25.92664 10.60242 114.05211 -15.154531 2.679741195649 2.95003922962658 19.876 19.8799 0.3 0.262 0.145 34.789
2460431.75 339.24821 -12.13688 25.73498 10.58154 105.73818 -2.946611 2.680068272698 2.94977118514713 19.876 19.8832 0.3 0.262 0.145 34.788
2460431.791666667 339.25549 -12.13395 25.5347 10.57013 98.291887 9.747862 2.680395294982 2.94950245166809 19.876 19.8865 0.3 0.262 0.145 34.788
2460431.833333333 339.26272 -12.13102 25.3379 10.56832 90.990905 22.682266 2.680722262483 2.94923367438949 19.876 19.8897 0.3 0.262 0.145 34.787
2460431.875 339.2699 -12.12809 25.15645 10.57559 83.00181 35.641273 2.681049175184 2.94896548565068 19.876 19.8929 0.3 0.263 0.145 34.787
2460431.916666667 339.27703 -12.12515 25.00115 10.59079 72.949123 48.338294 2.681376033069 2.94869846165324 19.876 19.896 0.3 0.263 0.145 34.786
2460431.958333333 339.28411 -12.12221 24.88103 10.61223 57.787758 60.167968 2.681702836128 2.94843308302441 19.876 19.8991 0.3 0.263 0.145 34.785
2460432.0 339.29117 -12.11927 24.80272 10.6378 30.191573 69.337875 2.682029584358 2.94816970192171 19.876 19.9022 0.3 0.263 0.145 34.785
2460432.041666667 339.29822 -12.11632 24.76996 10.66509 345.92309 71.259135 2.682356277759 2.94790851793112 19.876 19.9052 0.3 0.263 0.145 34.784
2460432.083333333 339.30526 -12.11336 24.7834 10.69158 310.920302 64.239964 2.682682916342 2.94764956441021 19.876 19.9083 0.3 0.263 0.145 34.783
2460432.125 339.31231 -12.11039 24.8405 10.71483 292.107769 53.10818 2.683009500124 2.9473927062116 19.876 19.9113 0.3 0.263 0.145 34.783
2460432.166666667 339.31938 -12.10742 24.93576 10.73257 280.588594 40.641754 2.683336029131 2.94713764894299 19.876 19.9144 0.3 0.263 0.145 34.782
2460432.208333333 339.32649 -12.10444 25.06103 10.74297 272.014763 27.739509 2.683662503392 2.94688395912999 19.876 19.9175 0.301 0.263 0.146 34.781
2460432.25 339.33363 -12.10146 25.20613 10.74464 264.563878 14.76575 2.683988922944 2.94663109390097 19.876 19.9206 0.301 0.263 0.146 34.78
2460432.291666667 339.34081 -12.09848 25.35951 10.73684 257.263841 1.947687 2.684315287826 2.94637843816121 19.876 19.9238 0.301 0.263 0.146 34.78
2460432.333333333 339.34804 -12.09551 25.50906 10.71945 249.382009 -10.490423 2.684641598078 2.9461253467113 19.876 19.927 0.301 0.263 0.146 34.779
2460432.375 339.35531 -12.09254 25.64291 10.69301 240.147581 -22.241926 2.68496785374 2.94587118842579 19.876 19.9303 0.301 0.263 0.146 34.779
2460432.416666667 339.36262 -12.08958 25.75028 10.65868 228.586745 -32.813604 2.68529405485 2.94561538946813 19.876 19.9336 0.301 0.263 0.146 34.778
2460432.458333333 339.36994 -12.08663 25.8222 10.61817 213.547734 -41.380498 2.685620201439 2.94535747258365 19.876 19.9369 0.301 0.263 0.146 34.777
2460432.5 339.37729 -12.08369 25.85211 10.57359 194.407715 -46.703041 2.685946293536 2.94509708978152 19.876 19.9402 0.301 0.263 0.146 34.777
2460432.541666667 339.38463 -12.08077 25.83634 10.52734 172.762083 -47.527117 2.686272331159 2.94483404616892 19.876 19.9435 0.301 0.263 0.146 34.776
2460432.583333333 339.39197 -12.07786 25.77433 10.48194 152.443144 -43.610365 2.686598314322 2.94456831330635 19.877 19.9468 0.301 0.264 0.146 34.776
2460432.625 339.39928 -12.07496 25.6687 10.43985 136.017645 -35.983011 2.68692424303 2.94430003117019 19.877 19.9501 0.301 0.264 0.146 34.775
2460432.666666667 339.40655 -12.07207 25.52504 10.40327 123.409063 -25.974945 2.687250117279 2.94402949858774 19.877 19.9534 0.301 0.264 0.146 34.774
2460432.708333333 339.41378 -12.06919 25.35157 10.37408 113.508424 -14.553718 2.687575937061 2.94375715279897 19.877 19.9566 0.301 0.264 0.146 34.774
2460432.75 339.42096 -12.06632 25.15851 10.35359 105.259827 -2.30703 2.687901702364 2.94348353954308 19.877 19.9598 0.301 0.264 0.146 34.773
2460432.791666667 339.42808 -12.06345 24.95747 10.34257 97.837071 10.409031 2.688227413169 2.94320927571666 19.877 19.9629 0.301 0.264 0.146 34.772
2460432.833333333 339.43514 -12.06058 24.76056 10.3411 90.517439 23.351619 2.68855306946 2.9429350071586 19.877 19.966 0.302 0.264 0.146 34.772
2460432.875 339.44215 -12.05772 24.57965 10.34863 82.45114 36.304287 2.688878671219 2.94266136445124 19.877 19.969 0.302 0.264 0.146 34.771
2460432.916666667 339.44912 -12.05484 24.4255 10.36399 72.210267 48.970938 2.689204218432 2.94238891976322 19.877 19.972 0.302 0.264 0.146 34.77
2460432.958333333 339.45604 -12.05197 24.30703 10.38546 56.600339 60.711652 2.689529711087 2.9421181476888 19.877 19.975 0.302 0.264 0.146 34.77
2460433.0 339.46293 -12.04909 24.23073 10.41091 28.054381 69.616574 2.689855149181 2.94184939276537 19.877 19.9779 0.302 0.264 0.146 34.769
2460433.041666667 339.46981 -12.0462 24.2002 10.43795 343.577972 71.005736 2.690180532717 2.94158284589364 19.877 19.9808 0.302 0.264 0.146 34.768
2460433.083333333 339.47669 -12.0433 24.21591 10.46406 309.687196 63.651574 2.690505861705 2.94131853127578 19.877 19.9837 0.302 0.264 0.146 34.767
2460433.125 339.48358 -12.04039 24.27515 10.48681 291.449225 52.414668 2.690831136161 2.94105630476654 19.877 19.9866 0.302 0.264 0.146 34.767
2460433.166666667 339.49049 -12.03748 24.37225 10.50396 280.150783 39.914805 2.691156356112 2.9407958637503 19.877 19.9895 0.302 0.264 0.146 34.766
2460433.208333333 339.49743 -12.03457 24.49893 10.5137 271.662309 27.003095 2.691481521588 2.94053676786818 19.877 19.9925 0.302 0.264 0.146 34.765
2460433.25 339.50441 -12.03166 24.64489 10.51471 264.234553 14.031735 2.691806632625 2.9402784691756 19.877 19.9955 0.302 0.265 0.146 34.765
2460433.291666667 339.51144 -12.02874 24.79849 10.50624 256.917858 1.225765 2.692131689263 2.94002034966548 19.877 19.9985 0.302 0.265 0.146 34.764
2460433.333333333 339.51851 -12.02583 24.94759 10.48823 248.982164 -11.188148 2.69245669154 2.93976176358745 19.877 20.0016 0.302 0.265 0.146 34.763
2460433.375 339.52561 -12.02293 25.08034 10.46125 239.647774 -22.896364 2.692781639497 2.93950208166606 19.877 20.0047 0.302 0.265 0.146 34.762
2460433.416666667 339.53275 -12.02003 25.18601 10.42649 227.924969 -33.391739 2.693106533171 2.93924073419062 19.877 20.0078 0.302 0.265 0.146 34.762
2460433.458333333 339.53992 -12.01715 25.25573 10.38567 212.657626 -41.826387 2.693431372594 2.93897725002734 19.877 20.011 0.302 0.265 0.146 34.761
2460433.5 339.5471 -12.01428 25.28307 10.34092 193.288966 -46.939776 2.693756157792 2.93871128888367 19.877 20.0142 0.303 0.265 0.146 34.76
2460433.541666667 339.55428 -12.01142 25.26451 10.29464 171.576136 -47.500098 2.694080888784 2.93844266461669 19.877 20.0174 0.303 0.265 0.146 34.76
2460433.583333333 339.56145 -12.00857 25.19968 10.24935 151.402362 -43.341685 2.694405565583 2.93817135799058 19.877 20.0205 0.303 0.265 0.146 34.759
2460433.625 339.5686 -12.00573 25.09136 10.20746 135.19066 -35.544195 2.694730188193 2.93789751800985 19.878 20.0237 0.303 0.265 0.146 34.759
2460433.666666667 339.57571 -12.00291 24.94532 10.1712 122.755522 -25.430568 2.695054756611 2.93762145173689 19.878 20.0268 0.303 0.265 0.146 34.758
2460433.708333333 339.58277 -12.00009 24.7699 10.14237 112.968373 -13.945935 2.695379270829 2.93734360329026 19.878 20.0299 0.303 0.265 0.146 34.757
2460433.75 339.58978 -11.99728 24.57545 10.12228 104.782984 -1.661629 2.695703730831 2.93706452346041 19.878 20.0329 0.303 0.265 0.146 34.757
2460433.791666667 339.59673 -11.99448 24.37365 10.11164 97.381676 11.075166 2.696028136603 2.93678483202187 19.878 20.0359 0.303 0.265 0.146 34.756
2460433.833333333 339.60363 -11.99168 24.17666 10.11051 90.040725 24.025124 2.696352488125 2.93650517532083 19.878 20.0388 0.303 0.265 0.146 34.755
2460433.875 339.61047 -11.98887 23.99632 10.1183 81.892684 36.970351 2.69667678538 2.9362261820413 19.878 20.0417 0.303 0.265 0.146 34.754
2460433.916666667 339.61726 -11.98607 23.84334 10.1338 71.453888 49.604442 2.697001028355 2.93594842017761 19.878 20.0445 0.303 0.265 0.146 34.754
2460433.958333333 339.62402 -11.98326 23.72653 10.15529 55.372216 61.250246 2.697325217039 2.93567235815936 19.878 20.0473 0.303 0.266 0.146 34.753
2460434.0 339.63075 -11.98044 23.65227 10.18063 25.856122 69.873802 2.697649351427 2.9353983327911 19.878 20.0501 0.303 0.266 0.146 34.752
2460434.041666667 339.63746 -11.97761 23.62398 10.20741 341.27991 70.72608 2.697973431524 2.93512652620218 19.878 20.0529 0.303 0.266 0.147 34.751
2460434.083333333 339.64417 -11.97478 23.64197 10.23314 308.491862 63.05291 2.698297457339 2.93485695338612 19.878 20.0556 0.303 0.266 0.147 34.751
2460434.125 339.6509 -11.97194 23.70336 10.25538 290.802049 51.716272 2.69862142889 2.93458946118297 19.878 20.0584 0.304 0.266 0.147 34.75
2460434.166666667 339.65765 -11.96909 23.8023 10.27194 279.715095 39.184434 2.698945346203 2.93432373877482 19.878 20.0612 0.304 0.266 0.147 34.749
2460434.208333333 339.66442 -11.96624 23.93036 10.28103 271.308374 26.263862 2.699269209308 2.93405933897574 19.878 20.064 0.304 0.266 0.147 34.748
2460434.25 339.67124 -11.96339 24.07714 10.28135 263.901715 13.295378 2.699593018242 2.93379570885845 19.878 20.0668 0.304 0.266 0.147 34.747
2460434.291666667 339.6781 -11.96054 24.23093 10.27221 256.566526 0.502112 2.699916773043 2.93353222762016 19.878 20.0697 0.304 0.266 0.147 34.747
2460434.333333333 339.68501 -11.9577 24.37954 10.25358 248.574626 -11.886644 2.700240473751 2.9332682490951 19.878 20.0727 0.304 0.266 0.147 34.746
2460434.375 339.69195 -11.95486 24.51115 10.22606 239.136858 -23.549934 2.700564120406 2.93300314600285 19.878 20.0756 0.304 0.266 0.147 34.745
2460434.416666667 339.69893 -11.95203 24.61507 10.19087 227.247379 -33.966131 2.700887713043 2.93273635290334 19.878 20.0786 0.304 0.266 0.147 34.745
2460434.458333333 339.70593 -11.94921 24.68255 10.14974 211.747553 -42.263855 2.701211251695 2.93246740491829 19.878 20.0816 0.304 0.266 0.147 34.744
2460434.5 339.71295 -11.9464 24.70728 10.10482 192.153243 -47.162491 2.701534736388 2.93219596956883 19.878 20.0847 0.304 0.266 0.147 34.743
2460434.541666667 339.71996 -11.94361 24.68591 10.05851 170.386251 -47.45638 2.70185816714 2.93192186955031 19.878 20.0877 0.304 0.266 0.147 34.743
2460434.583333333 339.72697 -11.94082 24.61823 10.01332 150.367945 -43.058272 2.702181543962 2.93164509488584 19.878 20.0907 0.304 0.266 0.147 34.742
2460434.625 339.73394 -11.93805 24.50721 9.971652 134.371663 -35.094059 2.702504866859 2.93136580362653 19.878 20.0937 0.304 0.267 0.147 34.741
