src/forcedphot/ephemeris/Encke_2024-01-01_00-00-00.000_2025-12-31_23-59-00.000.ecsv
# %ECSV 1.0
# ---
# datatype:
# - {name: datetime, unit: d, datatype: float64, description: Time for the ephemeris data points.}
# - {name: RA_deg, unit: deg, datatype: float64, description: Right Ascension in degrees}
# - {name: DEC_deg, unit: deg, datatype: float64, description: Declination in degrees}
# - {name: RA_rate_arcsec_per_h, unit: arcsec / h, datatype: float64, description: Rate of change in Right Ascension}
# - {name: DEC_rate_arcsec_per_h, unit: arcsec / h, datatype: float64, description: Rate of change in Declination}
# - {name: AZ_deg, unit: deg, datatype: float64, description: Azimuth in degrees}
# - {name: EL_deg, unit: deg, datatype: float64, description: Elevation in degrees}
# - {name: r_au, unit: AU, datatype: float64, description: Heliocentric distance in astronomical units}
# - {name: delta_au, unit: AU, datatype: float64, description: Geocentric distance in astronomical units}
# - {name: V_mag, datatype: float64, description: Visual magnitude}
# - {name: alpha_deg, unit: deg, datatype: float64, description: Phase angle in degrees}
# - {name: RSS_3sigma_arcsec, unit: arcsec, datatype: float64, description: 3-sigma uncertainty in arcseconds}
# - {name: SMAA_3sigma_arcsec, unit: arcsec, datatype: float64, description: Semi-major axis of error ellipse}
# - {name: SMIA_3sigma_arcsec, unit: arcsec, datatype: float64, description: Semi-minor axis of error ellipse}
# - {name: Theta_3sigma_deg, unit: deg, datatype: float64, description: Position angle of error ellipse}
# schema: astropy-2.0
datetime RA_deg DEC_deg RA_rate_arcsec_per_h DEC_rate_arcsec_per_h AZ_deg EL_deg r_au delta_au V_mag alpha_deg RSS_3sigma_arcsec SMAA_3sigma_arcsec SMIA_3sigma_arcsec Theta_3sigma_deg
[from data line 1661]
2460379.708333333 325.3631 -17.48214 51.38411 19.01908 147.810732 -35.780254 2.224535048571 3.05042250045061 19.584 12.1558 0.266 0.234 0.126 32.332
2460379.75 325.37806 -17.47688 51.26803 18.97283 133.966464 -27.568685 2.224941468248 3.05053995185787 19.585 12.1644 0.266 0.234 0.126 32.338
2460379.791666667 325.39298 -17.47164 51.1187 18.93554 123.00558 -17.397816 2.225347813517 3.05065526034735 19.585 12.173 0.266 0.234 0.126 32.344
2460379.833333333 325.40784 -17.4664 50.94502 18.90946 114.110836 -5.996003 2.225754084375 3.05076890413688 19.586 12.1815 0.266 0.234 0.126 32.35
2460379.875 325.42266 -17.46117 50.75755 18.89608 106.512188 6.172315 2.226160280811 3.05088145122126 19.586 12.19 0.266 0.234 0.126 32.356
2460379.916666667 325.43742 -17.45594 50.56778 18.89602 99.557172 18.810016 2.226566402812 3.05099352053817 19.587 12.1984 0.266 0.234 0.126 32.361
2460379.958333333 325.45213 -17.45071 50.38739 18.90898 92.601694 31.707104 2.226972450364 3.0511057396467 19.587 12.2068 0.266 0.234 0.126 32.367
2460380.0 325.46678 -17.44547 50.22737 18.93378 84.758346 44.673031 2.227378423457 3.05121870181217 19.587 12.2152 0.266 0.234 0.126 32.373
2460380.041666667 325.48139 -17.44023 50.09735 18.96843 74.207494 57.430294 2.227784322081 3.05133292543235 19.588 12.2235 0.266 0.234 0.126 32.378
2460380.083333333 325.49597 -17.43497 50.00491 19.01026 55.571823 69.236281 2.228190146238 3.05144881858043 19.588 12.2318 0.266 0.234 0.126 32.384
2460380.125 325.51053 -17.42971 49.95505 19.05611 11.853299 76.825454 2.228595895933 3.05156665109067 19.589 12.24 0.266 0.234 0.126 32.389
2460380.166666667 325.52508 -17.42443 49.94985 19.10256 316.496635 72.936198 2.229001571181 3.05168653609689 19.589 12.2483 0.266 0.234 0.126 32.395
2460380.208333333 325.53963 -17.41913 49.98834 19.14614 291.310527 62.024666 2.229407172007 3.05180842228767 19.59 12.2566 0.266 0.234 0.126 32.401
2460380.25 325.5542 -17.41383 50.06657 19.18357 278.753305 49.479013 2.229812698446 3.05193209740872 19.59 12.2649 0.266 0.234 0.126 32.406
2460380.291666667 325.5688 -17.40852 50.17787 19.21202 270.209094 36.543919 2.230218150539 3.0520572027736 19.591 12.2732 0.266 0.234 0.126 32.412
2460380.333333333 325.58344 -17.4032 50.31331 19.22925 263.056433 23.592094 2.230623528334 3.05218325779046 19.591 12.2816 0.266 0.234 0.126 32.417
2460380.375 325.59811 -17.39787 50.46229 19.23379 256.187133 10.828248 2.231028831886 3.05230969282749 19.591 12.29 0.266 0.234 0.126 32.423
2460380.416666667 325.61283 -17.39255 50.61332 19.22506 248.907504 -1.553661 2.231434061251 3.05243588816917 19.592 12.2984 0.266 0.234 0.126 32.428
2460380.458333333 325.62759 -17.38723 50.75475 19.20336 240.586399 -13.297939 2.231839216486 3.05256121639883 19.592 12.3069 0.266 0.234 0.126 32.434
2460380.5 325.64239 -17.38192 50.87559 19.1699 230.50078 -24.014352 2.232244297646 3.05268508530913 19.593 12.3154 0.266 0.234 0.126 32.44
2460380.541666667 325.65722 -17.37662 50.96625 19.12667 217.817084 -33.083853 2.232649304781 3.05280697840584 19.593 12.324 0.266 0.234 0.126 32.445
2460380.583333333 325.67207 -17.37134 51.01922 19.07635 201.902234 -39.584677 2.233054237936 3.05292649023535 19.594 12.3325 0.266 0.234 0.126 32.451
2460380.625 325.68693 -17.36607 51.02957 19.02208 183.22806 -42.436666 2.233459097147 3.05304335412025 19.594 12.3411 0.266 0.234 0.126 32.457
2460380.666666667 325.70179 -17.36081 50.99528 18.96727 164.065153 -40.993105 2.233863882442 3.05315746040642 19.595 12.3497 0.266 0.234 0.126 32.463
2460380.708333333 325.71662 -17.35557 50.91736 18.91539 147.085217 -35.59725 2.234268593839 3.05326886397379 19.595 12.3582 0.266 0.234 0.126 32.468
2460380.75 325.73143 -17.35034 50.79985 18.86969 133.358424 -27.269371 2.234673231348 3.05337778049658 19.595 12.3668 0.266 0.234 0.126 32.474
2460380.791666667 325.7462 -17.34512 50.64944 18.83297 122.494111 -17.02048 2.235077794971 3.05348457170812 19.596 12.3753 0.266 0.234 0.126 32.48
2460380.833333333 325.76092 -17.33991 50.47512 18.80746 113.66406 -5.56742 2.2354822847 3.0535897206767 19.596 12.3837 0.266 0.234 0.126 32.485
2460380.875 325.77559 -17.33471 50.28749 18.79459 106.09964 6.634236 2.235886700527 3.05369379878199 19.597 12.3922 0.266 0.234 0.126 32.491
2460380.916666667 325.79021 -17.32951 50.09806 18.79494 99.14908 19.292549 2.236291042437 3.05379742664938 19.597 12.4005 0.266 0.234 0.126 32.497
2460380.958333333 325.80476 -17.32431 49.91847 18.80817 92.161696 32.199488 2.236695310417 3.0539012317127 19.598 12.4088 0.266 0.234 0.126 32.502
2460381.0 325.81927 -17.3191 49.75968 18.83309 84.225569 45.162592 2.237099504456 3.05400580530746 19.598 12.4171 0.266 0.234 0.126 32.508
2460381.041666667 325.83374 -17.31388 49.63123 18.86767 73.441483 57.893213 2.237503624546 3.05411166222884 19.598 12.4254 0.266 0.234 0.126 32.513
2460381.083333333 325.84817 -17.30865 49.54058 18.90925 54.146584 69.59869 2.237907670685 3.05421920552102 19.599 12.4336 0.266 0.234 0.126 32.519
2460381.125 325.86259 -17.30342 49.49262 18.95469 9.144174 76.800196 2.238311642882 3.05432869890695 19.599 12.4418 0.266 0.234 0.126 32.524
2460381.166666667 325.87699 -17.29816 49.48931 19.00057 315.184421 72.456173 2.23871554115 3.05444024874526 19.6 12.45 0.266 0.234 0.126 32.529
2460381.208333333 325.8914 -17.2929 49.52954 19.04346 290.850413 61.445498 2.239119365516 3.05455379674948 19.6 12.4582 0.266 0.234 0.126 32.535
2460381.25 325.90583 -17.28762 49.60925 19.08013 278.51188 48.880531 2.239523116013 3.05466912396834 19.601 12.4665 0.266 0.234 0.126 32.54
2460381.291666667 325.92028 -17.28234 49.72167 19.10777 270.030712 35.941784 2.239926792682 3.05478586575567 19.601 12.4747 0.266 0.234 0.126 32.545
2460381.333333333 325.93478 -17.27705 49.85779 19.12421 262.889407 22.99217 2.240330395573 3.054903536706 19.601 12.483 0.266 0.234 0.126 32.551
2460381.375 325.94931 -17.27175 50.00697 19.12803 256.004953 10.235338 2.240733924739 3.05502156385067 19.602 12.4914 0.266 0.234 0.126 32.556
2460381.416666667 325.96388 -17.26646 50.1577 19.11867 248.688097 -2.133068 2.241137380235 3.05513932584375 19.602 12.4997 0.266 0.234 0.126 32.562
2460381.458333333 325.9785 -17.26117 50.29836 19.09647 240.303592 -13.853285 2.241540762119 3.05525619545768 19.603 12.5082 0.266 0.234 0.126 32.567
2460381.5 325.99316 -17.25589 50.41801 19.06268 230.119395 -24.527464 2.241944070445 3.0553715824822 19.603 12.5166 0.266 0.234 0.126 32.573
2460381.541666667 326.00784 -17.25062 50.50714 19.0193 217.294624 -33.523936 2.242347305263 3.05548497409308 19.604 12.5251 0.266 0.234 0.126 32.578
2460381.583333333 326.02255 -17.24536 50.55836 18.969 201.212209 -39.905663 2.242750466615 3.05559596992986 19.604 12.5336 0.266 0.234 0.126 32.584
2460381.625 326.03726 -17.24012 50.56685 18.91492 182.412729 -42.589986 2.243153554539 3.05570430948426 19.604 12.5421 0.266 0.234 0.126 32.589
2460381.666666667 326.05197 -17.23489 50.53071 18.86046 163.244531 -40.96077 2.243556569061 3.05580988992628 19.605 12.5506 0.266 0.234 0.126 32.595
2460381.708333333 326.06667 -17.22968 50.45109 18.80905 146.360272 -35.405533 2.243959510199 3.05591277314898 19.605 12.5591 0.266 0.234 0.126 32.6
2460381.75 326.08133 -17.22448 50.33214 18.76388 132.752159 -26.962695 2.244362377961 3.0560131815495 19.606 12.5675 0.266 0.234 0.126 32.606
2460381.791666667 326.09595 -17.21929 50.18067 18.72774 121.98405 -16.636976 2.244765172349 3.05611148283436 19.606 12.576 0.266 0.234 0.126 32.611
2460381.833333333 326.11053 -17.21412 50.00572 18.7028 113.217833 -5.133568 2.245167893356 3.05620816488667 19.607 12.5844 0.266 0.234 0.126 32.617
2460381.875 326.12505 -17.20894 49.81794 18.69044 105.686591 7.100742 2.245570540972 3.05630380241312 19.607 12.5927 0.266 0.234 0.126 32.622
2460381.916666667 326.13952 -17.20377 49.62886 18.69119 98.739123 19.779078 2.245973115182 3.05639901765026 19.607 12.601 0.266 0.234 0.126 32.628
2460381.958333333 326.15393 -17.19859 49.45009 18.7047 91.717662 32.695227 2.246375615973 3.05649443781672 19.608 12.6093 0.266 0.234 0.126 32.633
2460382.0 326.16829 -17.19341 49.29254 18.72973 83.684397 45.654534 2.246778043334 3.05659065222056 19.608 12.6175 0.266 0.234 0.126 32.638
2460382.041666667 326.18261 -17.18823 49.16567 18.76425 72.655975 58.356331 2.247180397257 3.05668817195563 19.609 12.6257 0.266 0.233 0.126 32.644
2460382.083333333 326.1969 -17.18303 49.07684 18.80559 52.670037 69.953957 2.247582677741 3.05678739494381 19.609 12.6338 0.266 0.233 0.126 32.649
2460382.125 326.21117 -17.17781 49.0308 18.85061 6.434063 76.74968 2.247984884794 3.05688857871507 19.609 12.6419 0.266 0.233 0.126 32.654
2460382.166666667 326.22543 -17.17259 49.02939 18.89593 313.924727 71.967287 2.24838701843 3.0569918227881 19.61 12.6501 0.265 0.233 0.126 32.659
2460382.208333333 326.2397 -17.16736 49.07137 18.93814 290.397923 60.862742 2.248789078674 3.05709706185788 19.61 12.6582 0.265 0.233 0.126 32.665
2460382.25 326.25398 -17.16211 49.15257 18.97405 278.269784 48.279044 2.249191065561 3.05720407025666 19.611 12.6664 0.265 0.233 0.126 32.67
2460382.291666667 326.2683 -17.15685 49.26611 19.00091 269.849887 35.336787 2.249592979132 3.0573124773841 19.611 12.6746 0.265 0.233 0.126 32.675
2460382.333333333 326.28265 -17.15159 49.4029 19.01657 262.719278 22.389542 2.249994819436 3.05742179305123 19.612 12.6828 0.265 0.233 0.126 32.68
2460382.375 326.29704 -17.14633 49.55228 19.01966 255.819046 9.639986 2.250396586526 3.05753144100485 19.612 12.6911 0.265 0.233 0.127 32.686
2460382.416666667 326.31147 -17.14106 49.70272 19.00968 248.464024 -2.714477 2.250798280457 3.05764079833939 19.612 12.6994 0.265 0.233 0.127 32.691
2460382.458333333 326.32595 -17.1358 49.8426 18.98701 240.014603 -14.409881 2.251199901286 3.05774923810046 19.613 12.7077 0.265 0.233 0.127 32.696
2460382.5 326.34046 -17.13055 49.96105 18.95289 229.729531 -25.040525 2.251601449066 3.0578561721664 19.613 12.7161 0.265 0.233 0.127 32.701
2460382.541666667 326.355 -17.12531 50.04866 18.90936 216.760884 -33.96179 2.252002923847 3.05796109147527 19.614 12.7245 0.265 0.233 0.127 32.707
2460382.583333333 326.36956 -17.12009 50.09812 18.85909 200.509471 -40.22129 2.252404325671 3.0580636008464 19.614 12.733 0.265 0.233 0.127 32.712
2460382.625 326.38413 -17.11488 50.10473 18.80522 181.587724 -42.734921 2.252805654574 3.05816344601541 19.615 12.7414 0.265 0.233 0.127 32.718
2460382.666666667 326.3987 -17.10968 50.06675 18.75111 162.420481 -40.918912 2.253206910582 3.05826053103397 19.615 12.7498 0.265 0.233 0.127 32.723
2460382.708333333 326.41325 -17.1045 49.98544 18.70017 145.63612 -35.205085 2.253608093713 3.05835492484435 19.615 12.7582 0.265 0.233 0.127 32.728
2460382.75 326.42777 -17.09933 49.86506 18.65555 132.147771 -26.648673 2.254009203973 3.0584468565786 19.616 12.7666 0.265 0.233 0.127 32.734
2460382.791666667 326.44224 -17.09417 49.71253 18.61999 121.475435 -16.24733 2.254410241364 3.05853669990313 19.616 12.775 0.265 0.233 0.127 32.739
2460382.833333333 326.45667 -17.08902 49.53696 18.59561 112.772161 -4.694472 2.254811205878 3.05862494747811 19.617 12.7833 0.265 0.233 0.127 32.744
2460382.875 326.47105 -17.08387 49.34905 18.58376 105.273018 7.571808 2.255212097506 3.05871217727717 19.617 12.7916 0.265 0.233 0.127 32.75
2460382.916666667 326.48537 -17.07873 49.16034 18.58492 98.32724 20.269572 2.255612916232 3.05879901306968 19.617 12.7998 0.265 0.233 0.127 32.755
2460382.958333333 326.49963 -17.07359 48.98241 18.59871 91.269455 33.194275 2.256013662043 3.05888608176741 19.618 12.808 0.265 0.233 0.127 32.76
2460383.0 326.51385 -17.06843 48.82613 18.62385 83.1345 46.148776 2.256414334928 3.05897397055221 19.618 12.8161 0.265 0.233 0.127 32.765
2460383.041666667 326.52803 -17.06327 48.70086 18.6583 71.850064 58.819444 2.256814934878 3.05906318671719 19.619 12.8243 0.265 0.233 0.127 32.77
2460383.083333333 326.54217 -17.0581 48.61385 18.6994 51.140269 70.301376 2.257215461894 3.05915412296839 19.619 12.8323 0.265 0.233 0.127 32.775
2460383.125 326.5563 -17.05292 48.56975 18.74402 3.732593 76.673747 2.257615915982 3.05924703056137 19.619 12.8404 0.265 0.233 0.127 32.78
2460383.166666667 326.57041 -17.04773 48.57024 18.78878 312.714511 71.469942 2.258016297158 3.05934200211105 19.62 12.8485 0.265 0.233 0.127 32.786
2460383.208333333 326.58454 -17.04252 48.61399 18.83032 289.952645 60.276439 2.258416605447 3.05943896525156 19.62 12.8566 0.265 0.233 0.127 32.791
2460383.25 326.59868 -17.0373 48.69669 18.86549 278.026995 47.674575 2.258816840882 3.05953768758074 19.621 12.8646 0.265 0.233 0.127 32.796
2460383.291666667 326.61285 -17.03208 48.81135 18.89156 269.666625 34.728953 2.259217003506 3.0596377925515 19.621 12.8728 0.265 0.233 0.127 32.801
2460383.333333333 326.62706 -17.02685 48.94882 18.90645 262.546031 21.784243 2.259617093367 3.05973878522338 19.622 12.8809 0.265 0.233 0.127 32.806
2460383.375 326.64131 -17.02161 49.0984 18.90884 255.629376 9.042231 2.260017110517 3.0598400861129 19.622 12.8891 0.265 0.233 0.127 32.811
2460383.416666667 326.6556 -17.01638 49.24853 18.89825 248.235211 -3.297835 2.260417055013 3.05994107082737 19.622 12.8974 0.265 0.233 0.127 32.816
2460383.458333333 326.66993 -17.01115 49.38763 18.8751 239.71931 -14.96765 2.260816926909 3.06004111277125 19.623 12.9056 0.265 0.233 0.127 32.821
2460383.5 326.6843 -17.00593 49.50488 18.84068 229.331008 -25.553416 2.261216726259 3.06013962600415 19.623 12.914 0.265 0.233 0.127 32.826
2460383.541666667 326.69871 -17.00072 49.59095 18.79701 216.215656 -34.39723 2.261616453111 3.06023610531957 19.624 12.9223 0.265 0.233 0.127 32.831
2460383.583333333 326.71313 -16.99553 49.63865 18.74679 199.793941 -40.531312 2.262016107509 3.06033016080366 19.624 12.9307 0.265 0.233 0.127 32.837
2460383.625 326.72755 -16.99035 49.6434 18.69312 180.75326 -42.871248 2.262415689485 3.0604215445106 19.624 12.939 0.265 0.233 0.127 32.842
2460383.666666667 326.74197 -16.98518 49.60357 18.63937 161.593338 -40.867423 2.262815199066 3.06051016743075 19.625 12.9474 0.265 0.233 0.127 32.847
2460383.708333333 326.75638 -16.98003 49.52057 18.5889 144.912986 -34.995891 2.263214636268 3.06059610559091 19.625 12.9557 0.265 0.233 0.127 32.852
2460383.75 326.77075 -16.97489 49.39877 18.54483 131.545365 -26.327326 2.263614001099 3.06067959486884 19.626 12.964 0.265 0.233 0.127 32.857
2460383.791666667 326.78508 -16.96976 49.24519 18.50985 120.968304 -15.851567 2.264013293559 3.06076101487636 19.626 12.9723 0.265 0.233 0.127 32.863
2460383.833333333 326.79937 -16.96464 49.06901 18.48604 112.327046 -4.250159 2.264412513639 3.0608408630115 19.627 12.9806 0.265 0.233 0.127 32.868
2460383.875 326.8136 -16.95953 48.88099 18.4747 104.858899 8.047405 2.26481166133 3.06091972045357 19.627 12.9888 0.265 0.233 0.127 32.873
2460383.916666667 326.82777 -16.95441 48.69266 18.47627 97.913369 20.763999 2.265210736616 3.06099821242536 19.627 12.9969 0.265 0.233 0.127 32.878
2460383.958333333 326.84189 -16.9493 48.5156 18.49033 90.816934 33.696587 2.265609739484 3.06107696543945 19.628 13.005 0.265 0.233 0.127 32.883
2460384.0 326.85596 -16.94418 48.36059 18.51558 82.575531 46.645233 2.266008669923 3.06115656445239 19.628 13.0131 0.265 0.233 0.127 32.888
2460384.041666667 326.86999 -16.93905 48.23694 18.54998 71.022797 59.282332 2.266407527924 3.0612375128572 19.629 13.0212 0.265 0.233 0.127 32.893
2460384.083333333 326.88399 -16.93391 48.15178 18.59084 49.55544 70.640197 2.266806313487 3.06132019805127 19.629 13.0292 0.265 0.233 0.127 32.898
2460384.125 326.89798 -16.92876 48.10963 18.63505 1.04919 76.572387 2.26720502662 3.06140486493557 19.629 13.0372 0.265 0.233 0.127 32.903
2460384.166666667 326.91195 -16.92359 48.11205 18.67927 311.550886 70.964513 2.267603667338 3.06149159915892 19.63 13.0452 0.265 0.233 0.127 32.907
2460384.208333333 326.92593 -16.91841 48.15757 18.72014 289.514189 59.68663 2.268002235666 3.06158032125441 19.63 13.0532 0.265 0.233 0.127 32.912
