src/forcedphot/ephemeris/Encke_2024-01-01_00-00-00.000_2025-12-31_23-59-00.000.ecsv
# %ECSV 1.0
# ---
# datatype:
# - {name: datetime, unit: d, datatype: float64, description: Time for the ephemeris data points.}
# - {name: RA_deg, unit: deg, datatype: float64, description: Right Ascension in degrees}
# - {name: DEC_deg, unit: deg, datatype: float64, description: Declination in degrees}
# - {name: RA_rate_arcsec_per_h, unit: arcsec / h, datatype: float64, description: Rate of change in Right Ascension}
# - {name: DEC_rate_arcsec_per_h, unit: arcsec / h, datatype: float64, description: Rate of change in Declination}
# - {name: AZ_deg, unit: deg, datatype: float64, description: Azimuth in degrees}
# - {name: EL_deg, unit: deg, datatype: float64, description: Elevation in degrees}
# - {name: r_au, unit: AU, datatype: float64, description: Heliocentric distance in astronomical units}
# - {name: delta_au, unit: AU, datatype: float64, description: Geocentric distance in astronomical units}
# - {name: V_mag, datatype: float64, description: Visual magnitude}
# - {name: alpha_deg, unit: deg, datatype: float64, description: Phase angle in degrees}
# - {name: RSS_3sigma_arcsec, unit: arcsec, datatype: float64, description: 3-sigma uncertainty in arcseconds}
# - {name: SMAA_3sigma_arcsec, unit: arcsec, datatype: float64, description: Semi-major axis of error ellipse}
# - {name: SMIA_3sigma_arcsec, unit: arcsec, datatype: float64, description: Semi-minor axis of error ellipse}
# - {name: Theta_3sigma_deg, unit: deg, datatype: float64, description: Position angle of error ellipse}
# schema: astropy-2.0
datetime RA_deg DEC_deg RA_rate_arcsec_per_h DEC_rate_arcsec_per_h AZ_deg EL_deg r_au delta_au V_mag alpha_deg RSS_3sigma_arcsec SMAA_3sigma_arcsec SMIA_3sigma_arcsec Theta_3sigma_deg
[from data line 8829]
2460678.374652778 326.1083 -13.70701 29.18979 11.84776 307.008814 64.85787 3.890629610557 4.57387944715006 21.557 9.6191 0.291 0.27 0.107 32.763
2460678.416319444 326.11666 -13.70373 29.25042 11.87469 289.145116 53.349352 3.890735536511 4.57444588780026 21.557 9.6125 0.291 0.27 0.107 32.764
2460678.457986111 326.12504 -13.70044 29.33533 11.89752 278.232396 40.731042 3.890841433974 4.57501400088674 21.557 9.6059 0.291 0.27 0.107 32.764
2460678.499652778 326.13344 -13.69714 29.4392 11.91492 269.994794 27.785465 3.890947302955 4.57558334879859 21.557 9.5992 0.291 0.27 0.107 32.765
2460678.541319444 326.14188 -13.69384 29.55539 11.92592 262.716685 14.832931 3.891053143463 4.57615338706602 21.558 9.5925 0.291 0.27 0.107 32.765
2460678.582986111 326.15035 -13.69054 29.67642 11.92999 255.481805 2.086517 3.891158955509 4.5767235016153 21.558 9.5858 0.291 0.27 0.107 32.765
2460678.624652778 326.15886 -13.68724 29.79449 11.9271 247.586428 -10.229336 3.891264739103 4.57729305078799 21.558 9.579 0.291 0.27 0.107 32.766
2460678.666319444 326.16739 -13.68394 29.90199 11.91765 238.282813 -21.798598 3.891370494256 4.57786140924847 21.559 9.5722 0.291 0.27 0.107 32.766
2460678.707986111 326.17596 -13.68064 29.99206 11.90254 226.642029 -32.113695 3.891476220978 4.57842801077439 21.559 9.5654 0.291 0.27 0.107 32.766
2460678.749652778 326.18455 -13.67735 30.059 11.883 211.628347 -40.345047 3.891581919276 4.57899238700158 21.559 9.5585 0.291 0.27 0.107 32.767
2460678.791319444 326.19315 -13.67407 30.09871 11.86062 192.827723 -45.298872 3.891687589158 4.57955419947184 21.56 9.5517 0.291 0.27 0.107 32.767
2460678.832986111 326.20176 -13.67079 30.10897 11.83714 171.909769 -45.844504 3.891793230627 4.58011326279068 21.56 9.5448 0.291 0.27 0.107 32.767
2460678.874652778 326.21037 -13.66751 30.08954 11.81439 152.371495 -41.830734 3.891898843685 4.58066955730988 21.56 9.5379 0.291 0.27 0.107 32.767
2460678.916319444 326.21897 -13.66425 30.04225 11.79415 136.465937 -34.241666 3.892004428332 4.58122323046719 21.561 9.531 0.291 0.27 0.107 32.768
2460678.957986111 326.22755 -13.66098 29.9708 11.77802 124.131185 -24.320758 3.892109984563 4.58177458669098 21.561 9.5242 0.291 0.271 0.107 32.768
2460678.999652778 326.23611 -13.65773 29.88057 11.76733 114.374115 -12.987366 3.892215512374 4.58232406656041 21.561 9.5173 0.291 0.271 0.107 32.768
2460679.041319444 326.24464 -13.65447 29.77819 11.76302 106.21998 -0.81172 3.892321011759 4.58287221664665 21.562 9.5105 0.291 0.271 0.107 32.769
2460679.082986111 326.25315 -13.65121 29.67117 11.7656 98.886626 11.85588 3.892426482709 4.58341965209868 21.562 9.5037 0.291 0.271 0.107 32.769
2460679.124652778 326.26162 -13.64796 29.56728 11.77512 91.676327 24.776692 3.892531925217 4.58396701453353 21.562 9.497 0.291 0.271 0.107 32.769
2460679.166319444 326.27006 -13.6447 29.47411 11.79114 83.753072 37.741913 3.892637339276 4.58451492811316 21.563 9.4902 0.291 0.271 0.107 32.769
2460679.207986111 326.27848 -13.64143 29.3985 11.81277 73.67192 50.471256 3.892742724877 4.58506395681366 21.563 9.4835 0.291 0.271 0.107 32.77
2460679.249652778 326.28688 -13.63816 29.34608 11.83876 58.027782 62.347961 3.892848082016 4.58561456581203 21.563 9.4769 0.291 0.271 0.107 32.77
2460679.291319444 326.29526 -13.63488 29.32092 11.86754 27.961286 71.387371 3.89295341069 4.58616708963385 21.564 9.4702 0.291 0.271 0.107 32.771
2460679.332986111 326.30365 -13.63159 29.32518 11.89736 339.834473 72.328201 3.893058710897 4.58672170924261 21.564 9.4635 0.291 0.271 0.107 32.771
2460679.374652778 326.31204 -13.62829 29.35905 11.9264 305.902324 64.259161 3.893163982638 4.58727843963952 21.564 9.4568 0.291 0.271 0.107 32.771
2460679.416319444 326.32044 -13.62498 29.42065 11.95289 288.571711 52.667234 3.893269225917 4.58783712882306 21.564 9.4501 0.291 0.271 0.107 32.772
2460679.457986111 326.32887 -13.62167 29.50623 11.97524 277.849404 40.024539 3.893374440739 4.58839746817992 21.565 9.4434 0.291 0.271 0.107 32.772
2460679.499652778 326.33732 -13.61836 29.6104 11.99215 269.681043 27.073659 3.893479627114 4.58895901359589 21.565 9.4367 0.291 0.271 0.107 32.772
2460679.541319444 326.3458 -13.61503 29.72647 12.00267 262.417348 14.125705 3.89358478505 4.58952121584211 21.565 9.43 0.291 0.271 0.107 32.773
2460679.582986111 326.35432 -13.61171 29.84698 12.00632 255.161182 1.392674 3.893689914557 4.59008345815617 21.566 9.4232 0.291 0.271 0.107 32.773
2460679.624652778 326.36287 -13.60839 29.96413 12.00306 247.210221 -10.898139 3.893795015647 4.59064509844583 21.566 9.4164 0.291 0.271 0.107 32.773
2460679.666319444 326.37145 -13.60507 30.07037 11.99335 237.808191 -22.423638 3.893900088329 4.59120551322669 21.566 9.4095 0.291 0.271 0.107 32.774
2460679.707986111 326.38007 -13.60175 30.15889 11.97807 226.012676 -32.662824 3.894005132614 4.59176414028634 21.567 9.4026 0.291 0.271 0.107 32.774
2460679.749652778 326.3887 -13.59844 30.2241 11.95848 210.788303 -40.765257 3.894110148509 4.59232051715538 21.567 9.3957 0.291 0.271 0.107 32.774
2460679.791319444 326.39735 -13.59513 30.262 11.93616 191.786092 -45.520578 3.894215136021 4.59287431275229 21.567 9.3888 0.291 0.271 0.107 32.775
2460679.832986111 326.406 -13.59183 30.27046 11.91284 170.813603 -45.821599 3.894320095154 4.59342535003688 21.568 9.3819 0.291 0.271 0.107 32.775
2460679.874652778 326.41465 -13.58854 30.24938 11.89034 151.402617 -41.584532 3.894425025908 4.59397361812174 21.568 9.3749 0.291 0.271 0.107 32.775
2460679.916319444 326.4233 -13.58525 30.20065 11.87041 135.684833 -33.835714 3.894529928284 4.59451927301313 21.568 9.368 0.291 0.271 0.107 32.775
2460679.957986111 326.43192 -13.58197 30.12809 11.85464 123.505626 -23.813348 3.894634802277 4.59506262692994 21.569 9.3611 0.291 0.271 0.107 32.776
2460679.999652778 326.44052 -13.57869 30.0371 11.84432 113.852403 -12.417592 3.894739647883 4.59560412693146 21.569 9.3542 0.291 0.271 0.107 32.776
2460680.041319444 326.4491 -13.57541 29.93439 11.84036 105.756979 -0.204045 3.894844465096 4.59614432431592 21.569 9.3474 0.291 0.271 0.107 32.776
2460680.082986111 326.45764 -13.57213 29.82743 11.84325 98.443688 12.485249 3.894949253907 4.59668383688354 21.569 9.3405 0.291 0.271 0.107 32.776
2460680.124652778 326.46615 -13.56885 29.724 11.853 91.212901 25.414977 3.895054014308 4.59722330664628 21.57 9.3337 0.291 0.271 0.107 32.777
2460680.166319444 326.47463 -13.56557 29.63164 11.86916 83.210551 38.375177 3.895158746293 4.59776335587834 21.57 9.3269 0.291 0.271 0.107 32.777
2460680.207986111 326.48309 -13.56228 29.55711 11.89083 72.934014 51.075994 3.895263449854 4.59830454451549 21.57 9.3202 0.291 0.271 0.106 32.777
2460680.249652778 326.49154 -13.55899 29.50596 11.91675 56.803712 62.863948 3.895368124986 4.59884733181919 21.571 9.3134 0.291 0.271 0.106 32.778
2460680.291319444 326.49997 -13.55568 29.48215 11.94534 25.667013 71.619023 3.895472771685 4.59939204492997 21.571 9.3067 0.291 0.271 0.106 32.778
2460680.332986111 326.5084 -13.55237 29.48774 11.97488 337.570203 72.007833 3.895577389951 4.59993885646302 21.571 9.3 0.291 0.271 0.106 32.778
2460680.374652778 326.51683 -13.54905 29.52279 12.00354 304.84073 63.654132 3.895681979785 4.60048777268014 21.572 9.2933 0.291 0.271 0.106 32.779
2460680.416319444 326.52528 -13.54573 29.58536 12.02959 288.013785 51.983888 3.895786541191 4.60103863304823 21.572 9.2865 0.291 0.271 0.106 32.779
2460680.457986111 326.53375 -13.54239 29.67159 12.05147 277.472404 39.318156 3.895891074174 4.60159112121473 21.572 9.2798 0.291 0.271 0.106 32.779
2460680.499652778 326.54224 -13.53906 29.77604 12.06788 269.369618 26.362493 3.895995578742 4.60214478664896 21.573 9.273 0.291 0.271 0.106 32.78
2460680.541319444 326.55077 -13.53571 29.89199 12.07794 262.118383 13.419465 3.896100054905 4.60269907546796 21.573 9.2662 0.291 0.271 0.106 32.78
2460680.582986111 326.55933 -13.53237 30.01196 12.08116 254.83937 0.700204 3.896204502674 4.60325336833666 21.573 9.2593 0.291 0.271 0.106 32.78
2460680.624652778 326.56793 -13.52903 30.12818 12.07755 246.831023 -11.564969 3.896308922059 4.60380702284817 21.574 9.2525 0.292 0.271 0.106 32.781
2460680.666319444 326.57656 -13.52569 30.23315 12.06758 237.32809 -23.045638 3.89641331307 4.60435941748338 21.574 9.2456 0.292 0.271 0.106 32.781
2460680.707986111 326.58521 -13.52235 30.32013 12.05214 225.374583 -33.206979 3.896517675716 4.6049099941411 21.574 9.2386 0.292 0.271 0.106 32.781
2460680.749652778 326.59389 -13.51901 30.38361 12.03251 209.937115 -41.177367 3.896622010006 4.60545829632813 21.574 9.2317 0.292 0.271 0.106 32.782
2460680.791319444 326.60258 -13.51569 30.41971 12.01024 190.736645 -45.730781 3.896726315946 4.60600400039577 21.575 9.2247 0.292 0.272 0.106 32.782
2460680.832986111 326.61127 -13.51237 30.4264 11.98709 169.719677 -45.786417 3.89683059354 4.60654693768507 21.575 9.2177 0.292 0.272 0.106 32.782
2460680.874652778 326.61997 -13.50905 30.40368 11.96484 150.442921 -41.32876 3.896934842788 4.60708710606542 21.575 9.2107 0.292 0.272 0.106 32.782
2460680.916319444 326.62865 -13.50574 30.35354 11.94523 134.913051 -33.423709 3.897039063691 4.60762467007674 21.576 9.2038 0.292 0.272 0.106 32.783
2460680.957986111 326.63732 -13.50244 30.27988 11.92982 122.886852 -23.302531 3.897143256243 4.60815994966526 21.576 9.1968 0.292 0.272 0.106 32.783
2460680.999652778 326.64596 -13.49914 30.18816 11.91986 113.334849 -11.84612 3.897247420442 4.60869339828308 21.576 9.1899 0.292 0.272 0.106 32.783
2460681.041319444 326.65457 -13.49584 30.08513 11.91624 105.295896 0.40421 3.897351556278 4.6092255718501 21.577 9.183 0.292 0.272 0.106 32.783
2460681.082986111 326.66315 -13.49254 29.97826 11.91943 98.000549 13.114373 3.897455663746 4.60975709070147 21.577 9.1761 0.292 0.272 0.106 32.784
2460681.124652778 326.67171 -13.48924 29.87531 11.92941 90.746677 26.052241 3.897559742838 4.61028859712468 21.577 9.1692 0.292 0.272 0.106 32.784
2460681.166319444 326.68023 -13.48594 29.78377 11.94571 82.660918 39.006373 3.897663793544 4.61082071139197 21.578 9.1624 0.292 0.272 0.106 32.784
2460681.207986111 326.68873 -13.48263 29.71033 11.96741 72.17965 51.676574 3.89776781586 4.61135398929754 21.578 9.1556 0.292 0.272 0.106 32.785
2460681.249652778 326.69722 -13.47931 29.66045 11.99325 55.540166 63.369888 3.89787180978 4.61188888410587 21.578 9.1488 0.292 0.272 0.106 32.785
2460681.291319444 326.70569 -13.47599 29.63799 12.02165 23.323284 71.824143 3.8979757753 4.6124257155163 21.578 9.142 0.292 0.272 0.106 32.785
2460681.332986111 326.71416 -13.47265 29.64489 12.0509 335.384714 71.664028 3.89807971242 4.61296464776879 21.579 9.1352 0.292 0.272 0.106 32.786
2460681.374652778 326.72263 -13.46932 29.68113 12.07919 303.821345 63.04324 3.898183621141 4.61350567838975 21.579 9.1284 0.292 0.272 0.106 32.786
2460681.416319444 326.73112 -13.46597 29.74465 12.1048 287.470488 51.299395 3.898287501467 4.61404863834917 21.579 9.1217 0.292 0.272 0.106 32.786
2460681.457986111 326.73964 -13.46261 29.83152 12.1262 277.101092 38.611894 3.898391353404 4.61459320361818 21.58 9.1148 0.292 0.272 0.106 32.787
2460681.499652778 326.74818 -13.45926 29.93624 12.14213 269.060373 25.651953 3.89849517696 4.61513891733647 21.58 9.108 0.292 0.272 0.106 32.787
2460681.541319444 326.75675 -13.45589 30.05205 12.15172 261.819691 12.714191 3.898598972144 4.61568522107172 21.58 9.1012 0.292 0.272 0.106 32.787
2460681.582986111 326.76535 -13.45253 30.17148 12.15453 254.516271 0.009093 3.898702738967 4.61623149303169 21.581 9.0943 0.292 0.272 0.106 32.788
2460681.624652778 326.77399 -13.44916 30.28677 12.15057 246.448711 -12.229823 3.898806477439 4.61677709061311 21.581 9.0873 0.292 0.272 0.106 32.788
2460681.666319444 326.78266 -13.4458 30.39046 12.14035 236.842339 -23.664562 3.898910187571 4.61732139437508 21.581 9.0804 0.292 0.272 0.106 32.788
2460681.707986111 326.79136 -13.44244 30.4759 12.12476 224.727541 -33.746069 3.899013869372 4.61786385042744 21.582 9.0734 0.292 0.272 0.106 32.788
2460681.749652778 326.80007 -13.43909 30.53767 12.10509 209.074695 -41.581223 3.899117522849 4.61840400833311 21.582 9.0664 0.292 0.272 0.106 32.789
2460681.791319444 326.8088 -13.43574 30.57198 12.0829 189.679699 -45.929362 3.899221148009 4.61894155193057 21.582 9.0594 0.292 0.272 0.106 32.789
2460681.832986111 326.81754 -13.4324 30.57691 12.05991 168.628456 -45.739026 3.899324744855 4.61947632096731 21.582 9.0523 0.292 0.272 0.106 32.789
2460681.874652778 326.82627 -13.42907 30.55257 12.03792 149.492517 -41.063595 3.899428313388 4.62000832206367 21.583 9.0453 0.292 0.272 0.106 32.789
2460681.916319444 326.835 -13.42574 30.50104 12.01862 134.150458 -33.005801 3.899531853608 4.6205377282568 21.583 9.0383 0.292 0.272 0.106 32.79
2460681.957986111 326.8437 -13.42241 30.4263 12.00356 122.274688 -22.788394 3.89963536551 4.62106486715556 21.583 9.0313 0.292 0.272 0.106 32.79
2460681.999652778 326.85238 -13.41909 30.33388 11.99396 112.8213 -11.272994 3.899738849091 4.62159019851648 21.584 9.0243 0.292 0.272 0.106 32.79
2460682.041319444 326.86103 -13.41577 30.23055 11.99069 104.836598 1.013023 3.899842304342 4.62211428277475 21.584 9.0173 0.292 0.272 0.106 32.79
2460682.082986111 326.86966 -13.41245 30.12379 11.99417 97.557069 13.743239 3.899945731256 4.62263774268358 21.584 9.0104 0.292 0.272 0.106 32.791
2460682.124652778 326.87825 -13.40913 30.02133 12.00437 90.27747 26.688465 3.900049129827 4.62316122068636 21.585 9.0035 0.292 0.272 0.106 32.791
2460682.166319444 326.88681 -13.40581 29.93063 12.0208 82.103842 39.635453 3.900152500045 4.62368533493928 21.585 8.9966 0.292 0.272 0.106 32.791
2460682.207986111 326.89535 -13.40248 29.85829 12.04253 71.408084 52.272841 3.900255841904 4.62421063699394 21.585 8.9898 0.292 0.272 0.106 32.791
2460682.249652778 326.90387 -13.39914 29.80969 12.06828 54.235632 63.865257 3.9003591554 4.62473757403687 21.585 8.9829 0.292 0.272 0.106 32.792
2460682.291319444 326.91239 -13.3958 29.78857 12.09649 20.934875 72.0019 3.90046244053 4.62526645827083 21.586 8.9761 0.292 0.272 0.106 32.792
2460682.332986111 326.9209 -13.39244 29.79679 12.12545 333.278509 71.29814 3.900565697292 4.62579744553426 21.586 8.9693 0.292 0.272 0.106 32.792
2460682.374652778 326.92941 -13.38908 29.8342 12.15336 302.841651 62.426906 3.900668925688 4.62633052462292 21.586 8.9624 0.292 0.272 0.106 32.793
2460682.416319444 326.93795 -13.38572 29.89866 12.17854 286.941023 50.61383 3.900772125722 4.62686551804508 21.587 8.9556 0.292 0.272 0.106 32.793
2460682.457986111 326.9465 -13.38234 29.98616 12.19947 276.735179 37.905756 3.9008752974 4.62740209415892 21.587 8.9487 0.292 0.272 0.106 32.793
2460682.499652778 326.95508 -13.37896 30.09113 12.21492 268.753167 24.942024 3.90097844073 4.62793978986138 21.587 8.9419 0.292 0.272 0.106 32.794
2460682.541319444 326.96369 -13.37558 30.20681 12.22405 261.521174 12.009866 3.901081555722 4.62847804227544 21.588 8.9349 0.292 0.273 0.106 32.794
2460682.582986111 326.97234 -13.37219 30.32568 12.22645 254.191787 -0.680671 3.901184642386 4.62901622726668 21.588 8.928 0.292 0.273 0.106 32.794
2460682.624652778 326.98102 -13.36881 30.44003 12.22216 246.063163 -12.892697 3.901287700731 4.6295537021529 21.588 8.921 0.292 0.273 0.106 32.795
2460682.666319444 326.98973 -13.36543 30.54245 12.21169 236.350763 -24.280372 3.90139073077 4.63008984968327 21.588 8.914 0.292 0.273 0.106 32.795
2460682.707986111 326.99846 -13.36205 30.62636 12.19596 224.071338 -34.279996 3.90149373251 4.63062412027714 21.589 8.907 0.292 0.273 0.106 32.795
2460682.749652778 327.00722 -13.35868 30.68642 12.17626 208.200965 -41.976667 3.90159670596 4.63115606963185 21.589 8.8999 0.292 0.273 0.106 32.795
2460682.791319444 327.01599 -13.35531 30.71895 12.15414 188.61559 -46.116209 3.901699651124 4.63168538912581 21.589 8.8929 0.292 0.273 0.106 32.796
2460682.832986111 327.02477 -13.35195 30.72214 12.13133 167.540396 -45.6795 3.901802568007 4.63221192693636 21.59 8.8858 0.292 0.273 0.106 32.796
