src/forcedphot/ephemeris/Encke_2024-01-01_00-00-00.000_2025-12-31_23-59-00.000.ecsv
# %ECSV 1.0
# ---
# datatype:
# - {name: datetime, unit: d, datatype: float64, description: Time for the ephemeris data points.}
# - {name: RA_deg, unit: deg, datatype: float64, description: Right Ascension in degrees}
# - {name: DEC_deg, unit: deg, datatype: float64, description: Declination in degrees}
# - {name: RA_rate_arcsec_per_h, unit: arcsec / h, datatype: float64, description: Rate of change in Right Ascension}
# - {name: DEC_rate_arcsec_per_h, unit: arcsec / h, datatype: float64, description: Rate of change in Declination}
# - {name: AZ_deg, unit: deg, datatype: float64, description: Azimuth in degrees}
# - {name: EL_deg, unit: deg, datatype: float64, description: Elevation in degrees}
# - {name: r_au, unit: AU, datatype: float64, description: Heliocentric distance in astronomical units}
# - {name: delta_au, unit: AU, datatype: float64, description: Geocentric distance in astronomical units}
# - {name: V_mag, datatype: float64, description: Visual magnitude}
# - {name: alpha_deg, unit: deg, datatype: float64, description: Phase angle in degrees}
# - {name: RSS_3sigma_arcsec, unit: arcsec, datatype: float64, description: 3-sigma uncertainty in arcseconds}
# - {name: SMAA_3sigma_arcsec, unit: arcsec, datatype: float64, description: Semi-major axis of error ellipse}
# - {name: SMIA_3sigma_arcsec, unit: arcsec, datatype: float64, description: Semi-minor axis of error ellipse}
# - {name: Theta_3sigma_deg, unit: deg, datatype: float64, description: Position angle of error ellipse}
# schema: astropy-2.0
datetime RA_deg DEC_deg RA_rate_arcsec_per_h DEC_rate_arcsec_per_h AZ_deg EL_deg r_au delta_au V_mag alpha_deg RSS_3sigma_arcsec SMAA_3sigma_arcsec SMIA_3sigma_arcsec Theta_3sigma_deg
[from data line 16283]
2460988.957986111 334.79866 -7.14693 -4.12152 -2.28056 199.353559 -50.960346 3.937264512395 3.53095105808553 21.018 13.9124 0.544 0.528 0.132 38.743
2460988.999652778 334.79751 -7.14756 -4.0814 -2.28795 175.250981 -52.634477 3.937171773476 3.53152128494902 21.018 13.9158 0.544 0.528 0.132 38.744
2460989.041319444 334.79637 -7.1482 -4.07999 -2.2951 152.248157 -48.952582 3.937079006663 3.53208913194955 21.018 13.9191 0.544 0.528 0.132 38.745
2460989.082986111 334.79522 -7.14883 -4.11544 -2.30079 134.167879 -41.121086 3.936986211958 3.53265471753631 21.019 13.9224 0.544 0.528 0.132 38.746
2460989.124652778 334.79406 -7.14947 -4.18334 -2.3039 120.800542 -30.787284 3.936893389361 3.5332183236963 21.019 13.9257 0.544 0.527 0.132 38.747
2460989.166319444 334.79287 -7.15011 -4.27711 -2.30349 110.564544 -19.072038 3.936800538879 3.5337803766046 21.019 13.9291 0.544 0.527 0.132 38.748
2460989.207986111 334.79166 -7.15075 -4.38837 -2.29886 102.119479 -6.606517 3.936707660515 3.53434141739376 21.02 13.9325 0.543 0.527 0.132 38.749
2460989.249652778 334.79041 -7.15138 -4.50753 -2.2896 94.504748 6.243813 3.936614754278 3.5349020650453 21.02 13.9359 0.543 0.527 0.132 38.75
2460989.291319444 334.78913 -7.15202 -4.62451 -2.27561 86.932966 19.228409 3.936521820174 3.53546297394538 21.02 13.9393 0.543 0.527 0.132 38.751
2460989.332986111 334.78782 -7.15265 -4.72933 -2.25713 78.531289 32.110908 3.936428858211 3.53602478901339 21.021 13.9428 0.543 0.527 0.132 38.752
2460989.374652778 334.78649 -7.15327 -4.81288 -2.23469 67.948885 44.553577 3.936335868395 3.53658810147802 21.021 13.9463 0.543 0.527 0.132 38.753
2460989.416319444 334.78513 -7.15388 -4.8675 -2.20911 52.566251 55.866438 3.936242850731 3.53715340833221 21.021 13.9498 0.543 0.527 0.132 38.754
2460989.457986111 334.78376 -7.15449 -4.88752 -2.18141 27.526385 64.340321 3.936149805222 3.53772107824579 21.021 13.9533 0.543 0.526 0.132 38.755
2460989.499652778 334.7824 -7.15509 -4.86963 -2.15276 351.466263 66.56033 3.936056731872 3.53829132627248 21.022 13.9569 0.543 0.526 0.132 38.756
2460989.541319444 334.78104 -7.15568 -4.81314 -2.1244 319.557537 61.035681 3.935963630677 3.53886419908556 21.022 13.9604 0.542 0.526 0.132 38.758
2460989.582986111 334.7797 -7.15627 -4.71998 -2.09754 299.60674 50.952619 3.935870501637 3.53943957175381 21.022 13.9639 0.542 0.526 0.132 38.759
2460989.624652778 334.7784 -7.15685 -4.59463 -2.07329 286.855232 39.00057 3.935777344747 3.54001715627914 21.023 13.9674 0.542 0.526 0.132 38.76
2460989.666319444 334.77713 -7.15742 -4.44373 -2.05259 277.483582 26.30346 3.935684159998 3.54059652131034 21.023 13.9708 0.542 0.526 0.132 38.761
2460989.707986111 334.77591 -7.15799 -4.2757 -2.03613 269.583973 13.342904 3.935590947384 3.54117712168099 21.023 13.9742 0.542 0.526 0.132 38.762
2460989.749652778 334.77474 -7.15855 -4.10012 -2.02431 262.088221 0.391927 3.935497706894 3.54175833574704 21.024 13.9776 0.542 0.526 0.132 38.763
2460989.791319444 334.77361 -7.15911 -3.92709 -2.01721 254.198585 -12.318261 3.93540443852 3.54233950796419 21.024 13.9809 0.542 0.526 0.132 38.764
2460989.832986111 334.77254 -7.15967 -3.76653 -2.01459 245.078622 -24.499081 3.935311142252 3.54291999378672 21.024 13.9842 0.542 0.525 0.132 38.765
2460989.874652778 334.7715 -7.16022 -3.62749 -2.01589 233.614993 -35.688111 3.935217818081 3.54349920381115 21.025 13.9874 0.542 0.525 0.132 38.766
2460989.916319444 334.7705 -7.16078 -3.51757 -2.02031 218.289956 -45.06135 3.935124465999 3.54407664413941 21.025 13.9906 0.541 0.525 0.132 38.767
2460989.957986111 334.76953 -7.16134 -3.44234 -2.02681 197.806391 -51.225803 3.935031086 3.54465195019618 21.025 13.9937 0.541 0.525 0.132 38.768
2460989.999652778 334.76857 -7.16191 -3.40501 -2.03422 173.601504 -52.535002 3.934937678081 3.54522491168379 21.025 13.9969 0.541 0.525 0.131 38.769
2460990.041319444 334.76762 -7.16247 -3.40621 -2.0413 150.867887 -48.522159 3.934844242239 3.54579548696518 21.026 14.0 0.541 0.525 0.131 38.77
2460990.082986111 334.76666 -7.16304 -3.44389 -2.04684 133.146764 -40.476106 3.934750778476 3.54636380588959 21.026 14.0031 0.541 0.525 0.131 38.77
2460990.124652778 334.76568 -7.16361 -3.51353 -2.04974 120.0418 -30.022497 3.934657286793 3.54693016086787 21.026 14.0063 0.541 0.525 0.131 38.771
2460990.166319444 334.76469 -7.16418 -3.60842 -2.04907 109.963589 -18.242246 3.934563767196 3.54749498680862 21.027 14.0094 0.541 0.525 0.131 38.772
2460990.207986111 334.76366 -7.16474 -3.72011 -2.04415 101.601443 -5.742165 3.934470219689 3.5480588312895 21.027 14.0126 0.541 0.524 0.131 38.773
2460990.249652778 334.7626 -7.16531 -3.83902 -2.03459 94.014078 7.123863 3.934376644281 3.54862231700769 21.027 14.0158 0.541 0.524 0.131 38.774
2460990.291319444 334.76151 -7.16587 -3.95506 -2.02032 86.417239 20.109184 3.934283040977 3.54918609908157 21.028 14.0191 0.54 0.524 0.131 38.775
2460990.332986111 334.76039 -7.16643 -4.05835 -2.00159 77.920993 32.97494 3.934189409786 3.54975082012987 21.028 14.0223 0.54 0.524 0.131 38.776
2460990.374652778 334.75924 -7.16698 -4.13989 -1.97896 67.120367 45.370395 3.934095750713 3.55031706620607 21.028 14.0256 0.54 0.524 0.131 38.777
2460990.416319444 334.75807 -7.16752 -4.19217 -1.95326 51.266387 56.565058 3.934002063764 3.55088532660865 21.028 14.029 0.54 0.524 0.131 38.778
2460990.457986111 334.75689 -7.16806 -4.20967 -1.92552 25.383638 64.7426 3.933908348943 3.55145596032144 21.029 14.0323 0.54 0.524 0.131 38.779
2460990.499652778 334.75572 -7.16859 -4.18929 -1.89691 348.969763 66.425114 3.93381460625 3.55202917138489 21.029 14.0356 0.54 0.524 0.131 38.78
2460990.541319444 334.75455 -7.16911 -4.13051 -1.86867 317.858571 60.469664 3.933720835686 3.55260499488629 21.029 14.039 0.54 0.524 0.131 38.781
2460990.582986111 334.75341 -7.16963 -4.03543 -1.84201 298.564031 50.197323 3.933627037247 3.55318329452966 21.03 14.0423 0.54 0.523 0.131 38.782
2460990.624652778 334.75229 -7.17013 -3.90865 -1.81803 286.133354 38.169817 3.933533210928 3.55376377195164 21.03 14.0455 0.539 0.523 0.131 38.784
2460990.666319444 334.75122 -7.17063 -3.75695 -1.79764 276.908221 25.443132 3.933439356722 3.5543459871446 21.03 14.0488 0.539 0.523 0.131 38.785
2460990.707986111 334.75019 -7.17113 -3.58879 -1.78153 269.06511 12.475728 3.933345474621 3.55492938858687 21.031 14.052 0.539 0.523 0.131 38.786
2460990.749652778 334.74921 -7.17162 -3.41378 -1.77005 261.567488 -0.466109 3.933251564615 3.55551335101428 21.031 14.0551 0.539 0.523 0.131 38.787
2460990.791319444 334.74828 -7.17211 -3.24199 -1.76328 253.623443 -13.150299 3.933157626695 3.55609721824414 21.031 14.0582 0.539 0.523 0.131 38.788
2460990.832986111 334.74739 -7.1726 -3.08326 -1.76095 244.385259 -25.280763 3.933063660852 3.55668034811642 21.032 14.0613 0.539 0.523 0.131 38.788
2460990.874652778 334.74655 -7.17309 -2.94653 -1.7625 232.714058 -36.377628 3.932969667075 3.55726215647219 21.032 14.0643 0.539 0.523 0.131 38.789
2460990.916319444 334.74574 -7.17358 -2.83924 -1.76709 217.072597 -45.584075 3.932875645359 3.55784215715611 21.032 14.0673 0.539 0.523 0.131 38.79
2460990.957986111 334.74495 -7.17407 -2.76681 -1.77368 196.248905 -51.469038 3.932781595696 3.55841999530212 21.032 14.0703 0.539 0.522 0.131 38.791
2460990.999652778 334.74418 -7.17456 -2.73226 -1.78109 171.967875 -52.412777 3.932687518084 3.55899547162196 21.033 14.0732 0.538 0.522 0.131 38.792
2460991.041319444 334.74342 -7.17506 -2.73602 -1.78809 149.517775 -48.077094 3.93259341252 3.55956855603321 21.033 14.0762 0.538 0.522 0.131 38.792
2460991.082986111 334.74265 -7.17555 -2.7759 -1.79348 132.150171 -39.824885 3.932499279005 3.56013938969294 21.033 14.0791 0.538 0.522 0.131 38.793
2460991.124652778 334.74186 -7.17605 -2.84723 -1.79617 119.298544 -29.256572 3.932405117541 3.56070827529813 21.034 14.082 0.538 0.522 0.131 38.794
2460991.166319444 334.74105 -7.17655 -2.94319 -1.79523 109.371505 -17.414068 3.932310928135 3.56127565631719 21.034 14.085 0.538 0.522 0.131 38.795
2460991.207986111 334.74021 -7.17705 -3.05528 -1.79002 101.087781 -4.880993 3.93221671079 3.5618420865753 21.034 14.088 0.538 0.522 0.131 38.795
2460991.249652778 334.73934 -7.17754 -3.17389 -1.78017 93.524233 7.999669 3.932122465515 3.56240819227719 21.035 14.091 0.538 0.522 0.131 38.796
2460991.291319444 334.73843 -7.17803 -3.28898 -1.76562 85.898559 20.984723 3.932028192316 3.56297462906934 21.035 14.0941 0.538 0.522 0.131 38.797
2460991.332986111 334.7375 -7.17852 -3.39072 -1.74666 77.302058 33.832329 3.931933891202 3.56354203708355 21.035 14.0971 0.538 0.521 0.131 38.798
2460991.374652778 334.73654 -7.179 -3.47025 -1.72385 66.272201 46.177708 3.931839562177 3.56411099704262 21.035 14.1002 0.538 0.521 0.131 38.799
2460991.416319444 334.73556 -7.17947 -3.52018 -1.69803 49.925 57.246939 3.931745205248 3.56468199043642 21.036 14.1034 0.537 0.521 0.131 38.8
2460991.457986111 334.73457 -7.17994 -3.53521 -1.67026 23.189337 65.11194 3.931650820417 3.56525536649802 21.036 14.1065 0.537 0.521 0.131 38.801
2460991.499652778 334.73358 -7.1804 -3.51237 -1.64171 346.514836 66.251891 3.931556407687 3.56583131824331 21.036 14.1096 0.537 0.521 0.131 38.802
2460991.541319444 334.7326 -7.18085 -3.45134 -1.6136 316.22556 59.885922 3.931461967055 3.56640986921701 21.037 14.1128 0.537 0.521 0.131 38.803
2460991.582986111 334.73165 -7.18129 -3.35439 -1.58715 297.557869 49.436809 3.93136749852 3.56699087185319 21.037 14.1159 0.537 0.521 0.131 38.804
2460991.624652778 334.73073 -7.18173 -3.22626 -1.56345 285.430392 37.33883 3.931273002076 3.56757401756307 21.037 14.1189 0.537 0.521 0.131 38.805
2460991.666319444 334.72984 -7.18216 -3.07381 -1.54338 276.343082 24.584776 3.931178477715 3.568158857858 21.038 14.122 0.537 0.521 0.131 38.806
2460991.707986111 334.72901 -7.18259 -2.90559 -1.52761 268.551572 11.611767 3.931083925429 3.5687448350598 21.038 14.125 0.537 0.52 0.131 38.807
2460991.749652778 334.72822 -7.18301 -2.73121 -1.51648 261.048535 -1.319947 3.930989345209 3.5693313204929 21.038 14.1279 0.536 0.52 0.131 38.808
2460991.791319444 334.72748 -7.18343 -2.5607 -1.51004 253.046569 -13.976995 3.930894737045 3.56991765754067 21.039 14.1309 0.536 0.52 0.131 38.809
2460991.832986111 334.72678 -7.18385 -2.40384 -1.508 243.685667 -26.055314 3.930800100928 3.57050320661473 21.039 14.1337 0.536 0.52 0.131 38.81
2460991.874652778 334.72613 -7.18426 -2.26944 -1.50978 231.800829 -37.0568 3.930705436848 3.57108738895587 21.039 14.1365 0.536 0.52 0.131 38.81
2460991.916319444 334.72551 -7.18468 -2.16479 -1.51453 215.837929 -46.090899 3.930610744798 3.57166972626513 21.039 14.1393 0.536 0.52 0.131 38.811
2460991.957986111 334.72491 -7.1851 -2.09515 -1.5212 194.682421 -51.689956 3.930516024772 3.57224987345004 21.04 14.1421 0.536 0.52 0.13 38.812
2460991.999652778 334.72433 -7.18553 -2.06334 -1.52861 170.351554 -52.268358 3.930421276767 3.57282764224273 21.04 14.1448 0.536 0.52 0.13 38.813
2460992.041319444 334.72375 -7.18595 -2.06964 -1.53553 148.19753 -47.618145 3.930326500781 3.5734030140722 21.04 14.1476 0.536 0.52 0.13 38.813
2460992.082986111 334.72317 -7.18638 -2.11168 -1.54077 131.177239 -39.16791 3.930231696814 3.57397614130908 21.041 14.1503 0.536 0.52 0.13 38.814
2460992.124652778 334.72256 -7.18681 -2.18466 -1.54323 118.57011 -28.489757 3.93013686487 3.57454733679769 21.041 14.1531 0.536 0.519 0.13 38.815
2460992.166319444 334.72194 -7.18723 -2.28165 -1.54204 108.787863 -16.587626 3.930042004954 3.57511705239261 21.041 14.1558 0.535 0.519 0.13 38.815
2460992.207986111 334.72128 -7.18766 -2.3941 -1.53654 100.578198 -4.023065 3.92994711707 3.57568584796988 21.042 14.1586 0.535 0.519 0.13 38.816
2460992.249652778 334.7206 -7.18809 -2.51238 -1.5264 93.034967 8.871192 3.929852201228 3.5762543530359 21.042 14.1615 0.535 0.519 0.13 38.817
2460992.291319444 334.71988 -7.18851 -2.62648 -1.51158 85.376641 21.854979 3.929757257433 3.57682322356409 21.042 14.1643 0.535 0.519 0.13 38.818
2460992.332986111 334.71913 -7.18892 -2.72667 -1.49239 76.674024 34.682979 3.929662285694 3.57739309701692 21.042 14.1672 0.535 0.519 0.13 38.818
2460992.374652778 334.71835 -7.18933 -2.80418 -1.46941 65.40347 46.975269 3.929567286015 3.57796454863523 21.043 14.1701 0.535 0.519 0.13 38.819
2460992.416319444 334.71756 -7.18974 -2.8518 -1.4435 48.540653 57.911402 3.929472258404 3.5785380519908 21.043 14.173 0.535 0.519 0.13 38.82
2460992.457986111 334.71676 -7.19013 -2.86436 -1.41571 20.946718 65.44736 3.929377202862 3.57911394650552 21.043 14.176 0.535 0.519 0.13 38.821
2460992.499652778 334.71596 -7.19052 -2.83912 -1.38722 344.107617 66.041999 3.929282119391 3.57969241416381 21.044 14.1789 0.535 0.518 0.13 38.822
2460992.541319444 334.71517 -7.1909 -2.77589 -1.35926 314.656228 59.285858 3.92918700799 3.58027346701465 21.044 14.1819 0.534 0.518 0.13 38.823
2460992.582986111 334.71441 -7.19128 -2.67713 -1.33304 296.586345 48.671652 3.929091868655 3.58085694631979 21.044 14.1848 0.534 0.518 0.13 38.824
2460992.624652778 334.71367 -7.19164 -2.5477 -1.30961 284.745394 36.507836 3.928996701382 3.58144253340664 21.045 14.1876 0.534 0.518 0.13 38.825
2460992.666319444 334.71298 -7.192 -2.39458 -1.28987 275.787669 23.728489 3.928901506163 3.58202977148158 21.045 14.1905 0.534 0.518 0.13 38.826
2460992.707986111 334.71233 -7.19236 -2.22635 -1.27444 268.043058 10.751067 3.928806282989 3.58261809690832 21.045 14.1933 0.534 0.518 0.13 38.827
2460992.749652778 334.71173 -7.19271 -2.05265 -1.26366 260.531139 -2.169557 3.928711031851 3.58320687780711 21.045 14.196 0.534 0.518 0.13 38.828
2460992.791319444 334.71118 -7.19306 -1.88348 -1.25755 252.467742 -14.798309 3.928615752739 3.58379545732925 21.046 14.1988 0.534 0.518 0.13 38.828
2460992.832986111 334.71068 -7.19341 -1.72851 -1.2558 242.979572 -26.822652 3.928520445643 3.58438319864095 21.046 14.2014 0.534 0.518 0.13 38.829
2460992.874652778 334.71021 -7.19376 -1.59646 -1.2578 230.874998 -37.725452 3.928425110555 3.58496952853405 21.046 14.2041 0.534 0.518 0.13 38.83
2460992.916319444 334.70978 -7.19411 -1.49447 -1.26271 214.58604 -46.581549 3.928329747466 3.58555397667559 21.047 14.2066 0.534 0.517 0.13 38.83
2460992.957986111 334.70937 -7.19446 -1.4276 -1.26945 193.108322 -51.888495 3.928234356372 3.58613620780722 21.047 14.2092 0.533 0.517 0.13 38.831
2460992.999652778 334.70898 -7.19481 -1.39853 -1.27686 168.753884 -52.102327 3.928138937268 3.58671604468867 21.047 14.2118 0.533 0.517 0.13 38.832
2460993.041319444 334.70858 -7.19517 -1.40734 -1.28369 146.906786 -47.146046 3.928043490154 3.58729348021412 21.048 14.2143 0.533 0.517 0.13 38.832
2460993.082986111 334.70818 -7.19552 -1.4515 -1.28876 130.22712 -38.505642 3.92794801503 3.58786867787118 21.048 14.2169 0.533 0.517 0.13 38.833
2460993.124652778 334.70777 -7.19588 -1.52608 -1.29101 117.85586 -27.722285 3.927852511899 3.58844196051141 21.048 14.2194 0.533 0.517 0.13 38.833
2460993.166319444 334.70733 -7.19624 -1.62407 -1.28955 108.21225 -15.763033 3.927756980767 3.5890137882016 21.049 14.222 0.533 0.517 0.13 38.834
2460993.207986111 334.70686 -7.19659 -1.73683 -1.28377 100.072408 -3.168438 3.927661421638 3.58958472667285 21.049 14.2246 0.533 0.517 0.13 38.835
2460993.249652778 334.70635 -7.19695 -1.85475 -1.27335 92.546036 9.738391 3.927565834521 3.59015540852909 21.049 14.2272 0.533 0.517 0.13 38.835
2460993.291319444 334.70582 -7.1973 -1.96784 -1.25828 84.851196 22.719903 3.927470219423 3.59072648987231 21.049 14.2299 0.533 0.517 0.13 38.836
2460993.332986111 334.70525 -7.19765 -2.06646 -1.23887 76.036412 35.52679 3.927374576351 3.59129860531666 21.05 14.2326 0.532 0.516 0.13 38.837
2460993.374652778 334.70466 -7.19799 -2.14196 -1.21573 64.513222 47.762814 3.927278905312 3.59187232447381 21.05 14.2353 0.532 0.516 0.13 38.838
2460993.416319444 334.70405 -7.19832 -2.18727 -1.18973 47.11196 58.557737 3.92718320631 3.59244811289203 21.05 14.238 0.532 0.516 0.13 38.839
