tests/forcedphot/ephemeris/data/Encke_2024-01-01_00-00-00.000_2024-06-30_23-59-00.000.ecsv
# %ECSV 1.0
# ---
# datatype:
# - {name: datetime, unit: d, datatype: float64, description: Time for the ephemeris data points.}
# - {name: RA_deg, unit: deg, datatype: float64, description: Right Ascension in degrees}
# - {name: DEC_deg, unit: deg, datatype: float64, description: Declination in degrees}
# - {name: RA_rate_arcsec_per_h, unit: arcsec / h, datatype: float64, description: Rate of change in Right Ascension}
# - {name: DEC_rate_arcsec_per_h, unit: arcsec / h, datatype: float64, description: Rate of change in Declination}
# - {name: AZ_deg, unit: deg, datatype: float64, description: Azimuth in degrees}
# - {name: EL_deg, unit: deg, datatype: float64, description: Elevation in degrees}
# - {name: r_au, unit: AU, datatype: float64, description: Heliocentric distance in astronomical units}
# - {name: delta_au, unit: AU, datatype: float64, description: Geocentric distance in astronomical units}
# - {name: V_mag, datatype: float32, description: Visual magnitude}
# - {name: alpha_deg, unit: deg, datatype: float64, description: Phase angle in degrees}
# - {name: RSS_3sigma_arcsec, unit: arcsec, datatype: float64, description: 3-sigma uncertainty in arcseconds}
# schema: astropy-2.0
datetime RA_deg DEC_deg RA_rate_arcsec_per_h DEC_rate_arcsec_per_h AZ_deg EL_deg r_au delta_au V_mag alpha_deg RSS_3sigma_arcsec
[from data line 1135]
2460357.7916666665 316.701125 -20.392902777777778 1.0346 0.34075 134.29293611111112 -23.820466666666665 1.997950938 2.93721588 19.2 7.39 nan
2460357.8333333335 316.7195 -20.387230555555554 1.032 0.34009 123.89631111111112 -13.73953611111111 1.99839914 2.93751525 19.2 7.4 nan
2460357.875 316.7377916666666 -20.381566666666668 1.0289 0.33966 115.3758611111111 -2.4588805555555555 1.998847255 2.93781305 19.2 7.41 nan
2460357.9166666665 316.7560833333333 -20.375905555555555 1.0256 0.33948 108.07211388888888 9.592675 1.999295283 2.93810985 19.2 7.42 nan
2460357.9583333335 316.7742916666666 -20.370247222222222 1.0222 0.33958 101.4092138888889 22.13566388888889 1.999743223 2.93840627 19.21 7.42 nan
2460358.0 316.79241666666667 -20.364586111111112 1.0191 0.33993 94.803325 34.97388333333333 2.000191075 2.93870293 19.21 7.43 nan
2460358.0416666665 316.81049999999993 -20.35891666666667 1.0164 0.34051 87.4200888888889 47.93787222222222 2.000638841 2.93900038 19.21 7.44 nan
2460358.0833333335 316.82854166666664 -20.353236111111112 1.0142 0.34129 77.41379444444445 60.79452222222222 2.001086518 2.93929914 19.21 7.45 nan
2460358.125 316.84658333333334 -20.347538888888888 1.0126 0.3422 58.31381388888889 72.87185833333332 2.001534108 2.93959959 19.21 7.46 nan
2460358.1666666665 316.8645833333333 -20.341827777777777 1.0118 0.34318 2.614725 80.08776666666667 2.001981611 2.93990197 19.21 7.47 nan
2460358.2083333335 316.88254166666667 -20.3361 1.0118 0.34417 303.68498611111113 73.56250833333333 2.002429026 2.94020637 19.21 7.48 nan
2460358.25 316.90054166666664 -20.330355555555556 1.0125 0.34508 283.4518861111111 61.59221388888889 2.002876353 2.94051272 19.21 7.49 nan
2460358.2916666665 316.9185416666666 -20.324597222222224 1.0139 0.34587 273.1574583333333 48.75244166666667 2.003323593 2.94082079 19.21 7.5 nan
2460358.3333333335 316.93658333333326 -20.318827777777777 1.0159 0.34646 265.6847888888889 35.782155555555555 2.003770746 2.94113021 19.21 7.51 nan
2460358.375 316.95466666666664 -20.31305 1.0182 0.34682 259.0634527777778 22.924419444444446 2.004217812 2.9414405 19.21 7.52 nan
2460358.4166666665 316.97279166666664 -20.307269444444444 1.0208 0.34693 252.4277 10.348797222222222 2.00466479 2.94175108 19.21 7.53 nan
2460358.4583333335 316.99091666666664 -20.30148888888889 1.0233 0.34677 245.18715555555556 -1.7524722222222222 2.005111682 2.94206135 19.21 7.54 nan
2460358.5 317.0091249999999 -20.295711111111114 1.0257 0.34635 236.76844722222225 -13.107666666666667 2.005558486 2.94237069 19.21 7.55 nan
2460358.5416666665 317.02737499999995 -20.289944444444448 1.0277 0.3457 226.51524166666667 -23.30031388888889 2.006005203 2.94267853 19.22 7.56 nan
2460358.5833333335 317.04566666666665 -20.28418888888889 1.0291 0.34486 213.734625 -31.692019444444444 2.006451833 2.94298437 19.22 7.57 nan
2460358.625 317.0639583333333 -20.27845 1.0299 0.34389 198.06609444444445 -37.39576944444445 2.006898377 2.94328783 19.22 7.58 nan
2460358.6666666665 317.08225 -20.272727777777778 1.0299 0.34285 180.24881944444442 -39.48228888888889 2.007344833 2.94358867 19.22 7.59 nan
2460358.7083333335 317.10054166666663 -20.26702222222222 1.0292 0.3418 162.3940361111111 -37.515075 2.007791203 2.9438868 19.22 7.6 nan
2460358.75 317.1188333333333 -20.261333333333333 1.0277 0.34083 146.6406861111111 -31.907155555555555 2.008237486 2.94418229 19.22 7.61 nan
2460358.7916666665 317.1370416666666 -20.25566111111111 1.0256 0.33999 133.7718638888889 -23.58186388888889 2.008683682 2.94447538 19.22 7.61 nan
2460358.8333333335 317.15524999999997 -20.25 1.0229 0.33934 123.4474388888889 -13.432294444444445 2.009129791 2.94476644 19.22 7.62 nan
2460358.875 317.1734166666666 -20.244347222222224 1.0198 0.33892 114.97625000000001 -2.1046 2.009575814 2.94505596 19.22 7.63 nan
2460358.9166666665 317.19149999999996 -20.238702777777778 1.0165 0.33875 107.698075 9.979041666666667 2.01002175 2.9453445 19.22 7.64 nan
2460358.9583333335 317.20949999999993 -20.233055555555556 1.0132 0.33885 101.03598055555555 22.543280555555558 2.010467599 2.94563268 19.22 7.65 nan
2460359.0 317.22749999999996 -20.227405555555553 1.0101 0.33921 94.39878333333334 35.39364444444444 2.010913361 2.94592111 19.22 7.66 nan
2460359.0416666665 317.24537499999997 -20.22174722222222 1.0073 0.33979 86.9273388888889 48.359325 2.011359037 2.94621037 19.22 7.67 nan
2460359.0833333335 317.26324999999997 -20.216077777777777 1.0052 0.34057 76.68999722222223 61.19792777777777 2.011804625 2.94650095 19.22 7.68 nan
2460359.125 317.281125 -20.210394444444443 1.0037 0.34147 56.83431388888889 73.18749166666667 2.012250127 2.94679323 19.23 7.69 nan
2460359.1666666665 317.2989166666666 -20.204694444444442 1.0029 0.34244 359.6154138888889 79.9598888888889 2.012695542 2.94708745 19.23 7.7 nan
2460359.2083333335 317.3167499999999 -20.198980555555554 1.0029 0.34342 302.9021305555555 73.07674444444444 2.013140871 2.94738369 19.23 7.71 nan
2460359.25 317.3345416666666 -20.19325 1.0037 0.34432 283.22898055555555 61.067619444444446 2.013586112 2.94768187 19.23 7.72 nan
2460359.2916666665 317.35237499999994 -20.187502777777777 1.0051 0.34508 273.0405777777778 48.222522222222224 2.014031267 2.94798177 19.23 7.73 nan
2460359.3333333335 317.37024999999994 -20.181747222222224 1.007 0.34566 265.5872722222222 35.252341666666666 2.014476336 2.948283 19.23 7.74 nan
2460359.375 317.3881666666666 -20.175983333333335 1.0094 0.34601 258.9575444444444 22.397508333333334 2.014921317 2.94858508 19.23 7.75 nan
2460359.4166666665 317.40608333333324 -20.17021388888889 1.0119 0.34611 252.29735277777777 9.828316666666666 2.015366213 2.94888744 19.23 7.76 nan
2460359.4583333335 317.4240833333333 -20.164447222222222 1.0145 0.34593 245.016325 -2.2608083333333333 2.015811021 2.94918945 19.23 7.77 nan
2460359.5 317.4421249999999 -20.15868611111111 1.0168 0.34551 236.53607222222223 -13.594102777777778 2.016255744 2.94949052 19.23 7.78 nan
2460359.5416666665 317.46016666666657 -20.152933333333333 1.0188 0.34485 226.19280555555557 -23.74811111111111 2.01670038 2.94979006 19.23 7.78 nan
2460359.5833333335 317.4782916666666 -20.147191666666668 1.0202 0.34401 213.2902777777778 -32.07378888888889 2.01714493 2.95008759 19.23 7.79 nan
2460359.625 317.4964166666666 -20.141466666666666 1.021 0.34304 197.48633888888887 -37.67314444444444 2.017589394 2.95038272 19.23 7.8 nan
2460359.6666666665 317.5145416666666 -20.13575833333333 1.021 0.34201 179.57502777777776 -39.618525 2.018033771 2.95067522 19.23 7.81 nan
2460359.7083333335 317.53266666666667 -20.130066666666668 1.0203 0.34097 161.71705 -37.499072222222225 2.018478063 2.95096501 19.23 7.82 nan
2460359.75 317.55074999999994 -20.124391666666668 1.0187 0.34001 146.03233611111114 -31.759763888888887 2.018922268 2.95125216 19.24 7.83 nan
2460359.7916666665 317.56879166666664 -20.118730555555555 1.0166 0.33918 133.2502388888889 -23.336775 2.019366388 2.95153692 19.24 7.84 nan
2460359.8333333335 317.58683333333335 -20.113083333333336 1.0139 0.33854 122.99814722222223 -13.119227777777779 2.019810421 2.95181967 19.24 7.85 nan
2460359.875 317.60479166666664 -20.107444444444447 1.0108 0.33813 114.57585277777777 -1.7450444444444444 2.020254368 2.95210089 19.24 7.86 nan
2460359.9166666665 317.6227083333333 -20.10181111111111 1.0075 0.33797 107.32260277777777 10.370219444444444 2.020698229 2.95238115 19.24 7.87 nan
2460359.9583333335 317.64054166666665 -20.096177777777775 1.0042 0.33808 100.66028055555556 22.955283333333334 2.021142004 2.95266108 19.24 7.88 nan
2460360.0 317.658375 -20.090541666666667 1.0011 0.33844 93.98993888888889 35.81729722222222 2.021585693 2.95294128 19.24 7.89 nan
2460360.0416666665 317.67608333333334 -20.08489722222222 0.99843 0.33903 86.42630555555556 48.78388888888889 2.022029296 2.95322233 19.24 7.9 nan
2460360.0833333335 317.69379166666664 -20.079238888888888 0.99629 0.3398 75.94673333333334 61.602608333333336 2.022472813 2.95350472 19.24 7.91 nan
2460360.125 317.7114583333333 -20.073569444444445 0.99481 0.3407 55.295113888888885 73.49715 2.022916243 2.95378881 19.24 7.92 nan
2460360.1666666665 317.72908333333334 -20.067883333333334 0.99408 0.34166 356.6703972222222 79.80754166666667 2.023359588 2.95407486 19.24 7.93 nan
2460360.2083333335 317.74674999999996 -20.062180555555557 0.99411 0.34262 302.14639999999997 72.58567777777778 2.023802847 2.95436293 19.24 7.94 nan
2460360.25 317.764375 -20.05646388888889 0.99489 0.34351 283.0052611111111 60.53924722222222 2.024246019 2.95465294 19.24 7.95 nan
2460360.2916666665 317.7820416666666 -20.050730555555557 0.99633 0.34426 272.9204666666667 47.688855555555556 2.024689106 2.95494465 19.24 7.95 nan
2460360.3333333335 317.79974999999996 -20.04498888888889 0.99832 0.34482 265.48639722222225 34.71884166666667 2.025132106 2.95523768 19.25 7.96 nan
2460360.375 317.8174583333333 -20.03923888888889 1.0007 0.34516 258.84820833333333 21.867058333333333 2.025575021 2.95553154 19.25 7.97 nan
2460360.4166666665 317.83525 -20.033486111111113 1.0032 0.34524 252.1632361111111 9.30455 2.02601785 2.95582565 19.25 7.98 nan
2460360.4583333335 317.8530833333333 -20.027733333333334 1.0058 0.34505 244.84099444444445 -2.7720055555555554 2.026460593 2.9561194 19.25 7.99 nan
2460360.5 317.87091666666663 -20.02198611111111 1.0081 0.34462 236.29792777777777 -14.082691666666667 2.026903251 2.95641218 19.25 8.0 nan
2460360.5416666665 317.8888333333333 -20.016247222222223 1.0101 0.34396 225.8626972222222 -24.196872222222222 2.027345823 2.95670341 19.25 8.01 nan
2460360.5833333335 317.90674999999993 -20.010519444444444 1.0115 0.34312 212.83605277777778 -32.45461944444445 2.027788309 2.9569926 19.25 8.02 nan
2460360.625 317.9247083333333 -20.00481111111111 1.0122 0.34215 196.89568055555554 -37.94696944444444 2.02823071 2.95727939 19.25 8.03 nan
2460360.6666666665 317.94266666666664 -19.99911666666667 1.0122 0.34112 178.89240555555554 -39.74871666666667 2.028673026 2.95756354 19.25 8.04 nan
2460360.7083333335 317.960625 -19.99343888888889 1.0114 0.3401 161.03537777777777 -37.47580833333333 2.029115256 2.95784497 19.25 8.05 nan
2460360.75 317.9785416666666 -19.98777777777778 1.0099 0.33915 145.42238333333333 -31.605227777777777 2.0295574 2.95812378 19.25 8.06 nan
2460360.7916666665 317.9964166666666 -19.98213333333333 1.0077 0.33833 132.72820000000002 -23.0852 2.02999946 2.9584002 19.25 8.07 nan
2460360.8333333335 318.01424999999995 -19.976499999999998 1.005 0.3377 122.54852777777778 -12.800361111111112 2.030441434 2.95867462 19.25 8.08 nan
2460360.875 318.0320833333333 -19.970875 1.0019 0.3373 114.17472500000001 -1.3802583333333334 2.030883322 2.95894753 19.25 8.09 nan
2460360.9166666665 318.0497916666666 -19.965255555555554 0.99861 0.33715 106.94570833333334 10.766163888888888 2.031325125 2.9592195 19.25 8.1 nan
2460360.9583333335 318.06749999999994 -19.95963611111111 0.99534 0.33727 100.2820888888889 23.37161111111111 2.031766843 2.95949117 19.26 8.11 nan
2460361.0 318.08508333333333 -19.95401111111111 0.99228 0.33763 93.57669722222222 36.24476666666667 2.032208476 2.95976313 19.26 8.12 nan
2460361.0416666665 318.1026666666666 -19.948380555555556 0.98961 0.33822 85.91671666666667 49.21146388888889 2.032650023 2.96003595 19.26 8.13 nan
2460361.0833333335 318.1202083333333 -19.94273888888889 0.9875 0.33898 75.183125 62.00835555555555 2.033091484 2.96031013 19.26 8.13 nan
2460361.125 318.1377083333333 -19.937080555555557 0.98605 0.33987 53.693780555555556 73.80006944444445 2.03353286 2.96058604 19.26 8.14 nan
2460361.1666666665 318.1551666666666 -19.931408333333334 0.98536 0.34083 353.79067222222227 79.63122499999999 2.033974151 2.9608639 19.26 8.15 nan
2460361.2083333335 318.1726249999999 -19.925719444444447 0.98542 0.34178 301.4160444444444 72.08945 2.034415356 2.96114378 19.26 8.16 nan
2460361.25 318.19012499999997 -19.92001666666667 0.98623 0.34265 282.78076944444445 60.00715 2.034856477 2.9614256 19.26 8.17 nan
2460361.2916666665 318.2075833333333 -19.914299999999997 0.9877 0.34339 272.79720000000003 47.15150555555555 2.035297511 2.96170911 19.26 8.18 nan
2460361.3333333335 318.225125 -19.908572222222222 0.98969 0.34394 265.3822 34.18171944444444 2.035738461 2.96199393 19.26 8.19 nan
2460361.375 318.24270833333327 -19.90283611111111 0.99206 0.34426 258.73544722222226 21.333133333333333 2.036179325 2.96227956 19.26 8.2 nan
2460361.4166666665 318.2602916666666 -19.89709722222222 0.99462 0.34432 252.02533611111113 8.777577777777779 2.036620105 2.96256541 19.26 8.21 nan
2460361.4583333335 318.27795833333323 -19.89136111111111 0.99716 0.34413 244.66111944444444 -3.285975 2.037060799 2.96285088 19.26 8.22 nan
2460361.5 318.295625 -19.885627777777778 0.99948 0.34369 236.05393333333333 -14.573327777777777 2.037501408 2.96313535 19.26 8.23 nan
2460361.5416666665 318.31337499999995 -19.879905555555556 1.0014 0.34303 225.52479722222225 -24.646469444444445 2.037941932 2.96341826 19.26 8.24 nan
2460361.5833333335 318.33112499999993 -19.874194444444445 1.0028 0.34219 212.371825 -32.83433055555556 2.038382372 2.96369911 19.27 8.25 nan
2460361.625 318.34891666666664 -19.8685 1.0035 0.34122 196.2940888888889 -38.21703055555556 2.038822727 2.96397754 19.27 8.26 nan
2460361.6666666665 318.3667083333333 -19.862822222222224 1.0035 0.3402 178.20111944444443 -39.87267222222222 2.039262996 2.96425332 19.27 8.27 nan
2460361.7083333335 318.38445833333327 -19.85716111111111 1.0027 0.33918 160.34928333333335 -37.44517777777777 2.039703182 2.96452638 19.27 8.28 nan
2460361.75 318.4022083333333 -19.851513888888892 1.0011 0.33824 144.8110388888889 -31.44351388888889 2.040143282 2.96479682 19.27 8.29 nan
2460361.7916666665 318.4199583333333 -19.84588611111111 0.99892 0.33743 132.2058861111111 -22.827152777777776 2.040583298 2.96506489 19.27 8.3 nan
2460361.8333333335 318.4376249999999 -19.840266666666665 0.99619 0.33681 122.09865277777777 -12.475725 2.041023229 2.96533097 19.27 8.3 nan
2460361.875 318.4552499999999 -19.834655555555553 0.9931 0.33642 113.77290555555555 -1.0102777777777778 2.041463075 2.96559555 19.27 8.31 nan
2460361.9166666665 318.47283333333326 -19.82905 0.98983 0.33629 106.56740833333333 11.166819444444444 2.041902837 2.96585923 19.27 8.32 nan
2460361.9583333335 318.4903333333333 -19.823444444444444 0.98657 0.33641 99.90138055555556 23.79221111111111 2.042342514 2.96612262 19.27 8.33 nan
2460362.0 318.5077916666666 -19.81783611111111 0.98353 0.33677 93.15895555555556 36.67598888888889 2.042782106 2.96638632 19.27 8.34 nan
2460362.0416666665 318.5251666666667 -19.812219444444445 0.98089 0.33736 85.39827777777778 49.64194166666667 2.043221614 2.96665091 19.27 8.35 nan
2460362.0833333335 318.54254166666664 -19.80658888888889 0.97881 0.33812 74.39824444444446 62.41493888888889 2.043661037 2.96691688 19.27 8.36 nan
2460362.125 318.559875 -19.800947222222224 0.9774 0.33901 52.027966666666664 74.09543611111111 2.044100375 2.96718458 19.27 8.37 nan
2460362.1666666665 318.57716666666664 -19.79528888888889 0.97673 0.33995 350.9855527777778 79.43156666666667 2.044539628 2.96745424 19.27 8.38 nan
2460362.2083333335 318.5944583333333 -19.789616666666667 0.97683 0.34089 300.70944444444444 71.5882 2.044978797 2.96772592 19.28 8.39 nan
2460362.25 318.61175 -19.78392777777778 0.97767 0.34175 282.55554166666667 59.471380555555555 2.045417881 2.96799954 19.28 8.4 nan
2460362.2916666665 318.6290833333333 -19.778225 0.97915 0.34247 272.67084166666666 46.610530555555556 2.04585688 2.96827484 19.28 8.41 nan
2460362.3333333335 318.64645833333327 -19.772513888888888 0.98117 0.34301 265.2747111111111 33.641038888888886 2.046295795 2.96855143 19.28 8.42 nan
2460362.375 318.66387499999996 -19.766791666666666 0.98354 0.34331 258.61926944444446 20.795805555555557 2.046734625 2.9688288 19.28 8.43 nan
2460362.4166666665 318.6812916666666 -19.761069444444445 0.9861 0.34337 251.88363611111112 8.247466666666666 2.047173371 2.96910639 19.28 8.43 nan
