tests/forcedphot/ephemeris/data/Encke_2024-01-01_00-00-00.000_2024-06-30_23-59-00.000.ecsv
# %ECSV 1.0
# ---
# datatype:
# - {name: datetime, unit: d, datatype: float64, description: Time for the ephemeris data points.}
# - {name: RA_deg, unit: deg, datatype: float64, description: Right Ascension in degrees}
# - {name: DEC_deg, unit: deg, datatype: float64, description: Declination in degrees}
# - {name: RA_rate_arcsec_per_h, unit: arcsec / h, datatype: float64, description: Rate of change in Right Ascension}
# - {name: DEC_rate_arcsec_per_h, unit: arcsec / h, datatype: float64, description: Rate of change in Declination}
# - {name: AZ_deg, unit: deg, datatype: float64, description: Azimuth in degrees}
# - {name: EL_deg, unit: deg, datatype: float64, description: Elevation in degrees}
# - {name: r_au, unit: AU, datatype: float64, description: Heliocentric distance in astronomical units}
# - {name: delta_au, unit: AU, datatype: float64, description: Geocentric distance in astronomical units}
# - {name: V_mag, datatype: float32, description: Visual magnitude}
# - {name: alpha_deg, unit: deg, datatype: float64, description: Phase angle in degrees}
# - {name: RSS_3sigma_arcsec, unit: arcsec, datatype: float64, description: 3-sigma uncertainty in arcseconds}
# schema: astropy-2.0
datetime RA_deg DEC_deg RA_rate_arcsec_per_h DEC_rate_arcsec_per_h AZ_deg EL_deg r_au delta_au V_mag alpha_deg RSS_3sigma_arcsec
[from data line 1248]
2460362.5 318.7162916666667 -19.749633333333335 0.99095 0.34272 235.80400555555556 -15.065916666666668 2.04805061 2.96965971 19.28 8.45 nan
2460362.5416666665 318.73387499999995 -19.743925 0.99286 0.34205 225.17898333333332 -25.096769444444444 2.048489103 2.96993428 19.28 8.46 nan
2460362.5833333335 318.7514583333333 -19.738233333333334 0.99421 0.34121 211.8974638888889 -33.21274722222223 2.048927512 2.97020677 19.28 8.47 nan
2460362.625 318.7690833333333 -19.732552777777776 0.99489 0.34025 195.68153888888887 -38.48311388888889 2.049365837 2.97047682 19.28 8.48 nan
2460362.6666666665 318.7867083333333 -19.726891666666663 0.99483 0.33923 177.50134166666666 -39.9902 2.049804077 2.97074422 19.28 8.49 nan
2460362.7083333335 318.80429166666664 -19.721244444444444 0.994 0.33822 159.65901944444445 -37.40707222222222 2.050242234 2.97100891 19.28 8.5 nan
2460362.75 318.821875 -19.715616666666666 0.99244 0.33729 144.19851111111112 -31.274591666666666 2.050680306 2.97127097 19.28 8.51 nan
2460362.7916666665 318.8394583333333 -19.710002777777778 0.99023 0.33649 131.68341944444444 -22.56263888888889 2.051118295 2.97153066 19.28 8.52 nan
2460362.8333333335 318.8569583333333 -19.7044 0.9875 0.33589 121.64860277777778 -12.145344444444444 2.051556199 2.97178838 19.29 8.53 nan
2460362.875 318.87441666666666 -19.698805555555555 0.9844 0.33551 113.3704361111111 -0.6351444444444444 2.05199402 2.97204464 19.29 8.54 nan
2460362.9166666665 318.8917916666666 -19.693213888888888 0.98114 0.33538 106.18770833333333 11.572147222222222 2.052431756 2.9723 19.29 8.55 nan
2460362.9583333335 318.90912499999996 -19.687625 0.97789 0.33551 99.51812777777778 24.217025 2.052869409 2.97255509 19.29 8.56 nan
2460363.0 318.9264166666666 -19.682030555555556 0.97488 0.33588 92.73660833333334 37.110886111111114 2.053306977 2.97281053 19.29 8.57 nan
2460363.0416666665 318.9436666666667 -19.67642777777778 0.97226 0.33646 84.87068333333333 50.07521388888889 2.053744461 2.97306687 19.29 8.58 nan
2460363.0833333335 318.96083333333326 -19.67081388888889 0.97021 0.33722 73.59110833333332 62.82213055555556 2.054181861 2.97332461 19.29 8.59 nan
2460363.125 318.97799999999995 -19.665186111111108 0.96883 0.3381 50.29544166666666 74.38239444444444 2.054619177 2.97358409 19.29 8.59 nan
2460363.1666666665 318.995125 -19.659544444444442 0.9682 0.33904 348.2625638888889 79.20931111111112 2.05505641 2.97384554 19.29 8.6 nan
2460363.2083333335 319.0122916666666 -19.65388611111111 0.96833 0.33996 300.0251083333333 71.08205277777778 2.055493558 2.97410901 19.29 8.61 nan
2460363.25 319.02941666666663 -19.64821111111111 0.96919 0.34081 282.32960833333334 58.93199166666666 2.055930622 2.97437442 19.29 8.62 nan
2460363.2916666665 319.0465833333333 -19.642525 0.9707 0.34152 272.54145555555556 46.06599166666666 2.056367602 2.97464149 19.29 8.63 nan
2460363.3333333335 319.06379166666665 -19.63682777777778 0.97273 0.34203 265.16396111111106 33.09685833333334 2.056804498 2.97490983 19.29 8.64 nan
2460363.375 319.08099999999996 -19.631125 0.97512 0.34233 258.4996805555556 20.25513888888889 2.057241311 2.97517894 19.29 8.65 nan
2460363.4166666665 319.0982916666666 -19.625419444444447 0.97767 0.34237 251.7381111111111 7.714291666666667 2.057678039 2.97544824 19.29 8.66 nan
2460363.4583333335 319.11562499999997 -19.61971388888889 0.9802 0.34216 244.28755 -4.321913888888889 2.058114684 2.9757171 19.3 8.67 nan
2460363.5 319.1329583333333 -19.614016666666668 0.9825 0.3417 235.54806666666667 -15.560358333333333 2.058551246 2.97598492 19.3 8.68 nan
2460363.5416666665 319.15037499999994 -19.608325 0.98439 0.34103 224.82513333333333 -25.54763888888889 2.058987723 2.97625112 19.3 8.69 nan
2460363.5833333335 319.16779166666663 -19.60265 0.98572 0.34019 211.41284166666668 -33.58969166666667 2.059424118 2.97651524 19.3 8.7 nan
2460363.625 319.18525 -19.59698611111111 0.98638 0.33923 195.0580111111111 -38.74500555555556 2.059860428 2.9767769 19.3 8.71 nan
2460363.6666666665 319.20270833333325 -19.591341666666665 0.98629 0.33822 176.79325277777778 -40.10111944444444 2.060296656 2.97703591 19.3 8.72 nan
2460363.7083333335 319.22012499999994 -19.585713888888886 0.98543 0.33722 158.96485277777776 -37.36138888888889 2.0607328 2.97729219 19.3 8.73 nan
2460363.75 319.2375416666666 -19.580099999999998 0.98385 0.3363 143.58499722222223 -31.098430555555556 2.06116886 2.97754586 19.3 8.74 nan
2460363.7916666665 319.2549583333333 -19.574502777777777 0.98163 0.33552 131.16092777777777 -22.291669444444445 2.061604838 2.97779717 19.3 8.74 nan
2460363.8333333335 319.2722916666666 -19.568916666666667 0.97889 0.33492 121.19845000000001 -11.809252777777779 2.062040731 2.97804652 19.3 8.75 nan
2460363.875 319.2895833333333 -19.563336111111113 0.97579 0.33455 112.96735555555556 -0.2548972222222222 2.062476542 2.97829442 19.3 8.76 nan
2460363.9166666665 319.30679166666664 -19.55776388888889 0.97253 0.33443 105.80661944444444 11.982097222222222 2.062912269 2.97854146 19.3 8.77 nan
2460363.9583333335 319.32395833333334 -19.55218888888889 0.96931 0.33456 99.13228888888888 24.646 2.063347913 2.97878825 19.3 8.78 nan
2460364.0 319.3410833333333 -19.546611111111112 0.96631 0.33494 92.30953611111111 37.549391666666665 2.063783473 2.9790354 19.3 8.79 nan
2460364.0416666665 319.35816666666665 -19.541022222222225 0.96373 0.33552 84.33360555555555 50.511177777777775 2.06421895 2.97928348 19.3 8.8 nan
2460364.0833333335 319.37516666666664 -19.535425 0.9617 0.33628 72.76067777777777 63.229683333333334 2.064654344 2.97953297 19.3 8.81 nan
2460364.125 319.39216666666664 -19.52981388888889 0.96036 0.33715 48.49415555555556 74.66004444444445 2.065089654 2.97978422 19.31 8.82 nan
2460364.1666666665 319.40916666666664 -19.52418611111111 0.95976 0.33808 345.6274472222222 78.96528888888889 2.065524881 2.98003744 19.31 8.83 nan
2460364.2083333335 319.42612499999996 -19.518544444444444 0.95992 0.33899 299.3616416666667 70.57112777777778 2.065960024 2.98029269 19.31 8.84 nan
2460364.25 319.443125 -19.51288611111111 0.96081 0.33982 282.1029916666667 58.38903055555556 2.066395084 2.98054987 19.31 8.85 nan
2460364.2916666665 319.460125 -19.507216666666668 0.96234 0.34052 272.4091027777778 45.51793611111111 2.066830061 2.98080869 19.31 8.86 nan
2460364.3333333335 319.477125 -19.501538888888888 0.96439 0.34102 265.0499777777778 32.54924166666667 2.067264954 2.98106878 19.31 8.86 nan
2460364.375 319.49420833333335 -19.49585 0.96678 0.3413 258.3766777777778 19.711191666666664 2.067699765 2.98132961 19.31 8.87 nan
2460364.4166666665 319.5113333333333 -19.490161111111114 0.96934 0.34133 251.58874166666666 7.178116666666667 2.068134492 2.9815906 19.31 8.88 nan
2460364.4583333335 319.52849999999995 -19.484475 0.97185 0.34111 244.09376111111112 -4.843722222222222 2.068569136 2.98185114 19.31 8.89 nan
2460364.5 319.54566666666665 -19.478794444444443 0.97414 0.34065 235.28601944444443 -16.056552777777778 2.069003698 2.9821106 19.31 8.9 nan
2460364.5416666665 319.56291666666664 -19.47312222222222 0.97601 0.33998 224.4631111111111 -25.99895 2.069438176 2.98236843 19.31 8.91 nan
2460364.5833333335 319.5802083333333 -19.46746111111111 0.97732 0.33913 210.9178222222222 -33.964980555555556 2.069872571 2.98262416 19.31 8.92 nan
2460364.625 319.5974583333333 -19.461816666666667 0.97795 0.33818 194.42349444444443 -39.002491666666664 2.070306884 2.98287742 19.31 8.93 nan
2460364.6666666665 319.61475 -19.45618888888889 0.97783 0.33717 176.0770388888889 -40.205244444444446 2.070741114 2.98312801 19.31 8.94 nan
2460364.7083333335 319.6320416666666 -19.450577777777777 0.97696 0.33618 158.2670388888889 -37.30803611111111 2.071175261 2.98337587 19.31 8.95 nan
2460364.75 319.6492916666666 -19.444983333333333 0.97536 0.33527 142.97069166666668 -30.915005555555553 2.071609326 2.98362113 19.32 8.96 nan
2460364.7916666665 319.6665 -19.43940277777778 0.97312 0.3345 130.63853055555555 -22.014255555555554 2.072043307 2.98386404 19.32 8.97 nan
2460364.8333333335 319.6836666666666 -19.433833333333332 0.97037 0.33391 120.74825555555556 -11.467472222222222 2.072477206 2.98410501 19.32 8.98 nan
2460364.875 319.70079166666665 -19.428269444444446 0.96727 0.33355 112.56369166666667 0.13043333333333335 2.072911022 2.98434455 19.32 8.99 nan
2460364.9166666665 319.71787499999994 -19.42271388888889 0.96402 0.33344 105.42413611111111 12.396627777777777 2.073344756 2.98458324 19.32 9.0 nan
2460364.9583333335 319.734875 -19.417155555555556 0.96081 0.33358 98.743825 25.079083333333333 2.073778407 2.98482171 19.32 9.01 nan
2460365.0 319.7518333333333 -19.411591666666666 0.95783 0.33396 91.87761666666665 37.99143888888889 2.074211975 2.98506057 19.32 9.01 nan
2460365.0416666665 319.76874999999995 -19.40602222222222 0.95527 0.33455 83.78669722222222 50.94972222222222 2.07464546 2.98530038 19.32 9.02 nan
2460365.0833333335 319.7855833333333 -19.40043888888889 0.95328 0.3353 71.90585 63.637341666666664 2.075078863 2.9855416 19.32 9.03 nan
2460365.125 319.80241666666666 -19.394844444444445 0.95197 0.33617 46.6223 74.92743611111112 2.075512183 2.98578461 19.32 9.04 nan
2460365.1666666665 319.81924999999995 -19.389233333333333 0.9514 0.33708 343.08424444444444 78.70039166666668 2.07594542 2.98602959 19.32 9.05 nan
2460365.2083333335 319.83604166666663 -19.38360833333333 0.9516 0.33798 298.7177611111111 70.05553055555555 2.076378574 2.9862766 19.32 9.06 nan
2460365.25 319.852875 -19.377969444444446 0.95251 0.3388 281.8757138888889 57.84253888888889 2.076811646 2.98652553 19.32 9.07 nan
2460365.2916666665 319.8697083333333 -19.372316666666666 0.95407 0.33948 272.2738361111111 44.96641944444445 2.077244635 2.9867761 19.32 9.08 nan
2460365.3333333335 319.8865833333333 -19.366655555555557 0.95613 0.33997 264.9327888888889 31.99823888888889 2.077677541 2.9870279 19.32 9.09 nan
2460365.375 319.90349999999995 -19.360986111111114 0.95853 0.34024 258.25026388888887 19.164025 2.078110365 2.98728044 19.32 9.1 nan
2460365.4166666665 319.9204583333333 -19.35531388888889 0.96108 0.34025 251.43550555555555 6.639005555555555 2.078543107 2.98753311 19.33 9.11 nan
2460365.4583333335 319.9374583333333 -19.349644444444444 0.96359 0.34002 243.89522499999998 -5.367991666666666 2.078975766 2.9877853 19.33 9.12 nan
2460365.5 319.9545 -19.343980555555554 0.96587 0.33956 235.01777222222225 -16.554402777777778 2.079408343 2.9880364 19.33 9.12 nan
2460365.5416666665 319.9715833333333 -19.338327777777778 0.96772 0.33888 224.09278055555558 -26.450566666666667 2.079840837 2.98828584 19.33 9.13 nan
2460365.5833333335 319.98866666666663 -19.332686111111112 0.969 0.33804 210.41226944444446 -34.338433333333334 2.080273249 2.98853315 19.33 9.14 nan
2460365.625 320.00579166666665 -19.32706111111111 0.9696 0.33708 193.77798055555556 -39.25535555555555 2.08070558 2.98877799 19.33 9.15 nan
2460365.6666666665 320.0229166666666 -19.32145 0.96946 0.33608 175.35290277777779 -40.30239444444444 2.081137827 2.98902015 19.33 9.16 nan
2460365.7083333335 320.0400416666666 -19.315858333333335 0.96856 0.3351 157.5658388888889 -37.24691666666667 2.081569993 2.98925959 19.33 9.17 nan
2460365.75 320.0571249999999 -19.310280555555558 0.96694 0.3342 142.3557888888889 -30.724294444444443 2.082002077 2.98949642 19.33 9.18 nan
2460365.7916666665 320.0741666666666 -19.304716666666668 0.96468 0.33344 130.11633333333333 -21.730408333333333 2.082434079 2.98973091 19.33 9.19 nan
2460365.8333333335 320.09120833333327 -19.29916388888889 0.96193 0.33286 120.2980861111111 -11.120036111111112 2.082865998 2.98996348 19.33 9.2 nan
2460365.875 320.1081666666666 -19.293622222222226 0.95883 0.33251 112.15947222222223 0.5208055555555556 2.083297836 2.99019464 19.33 9.21 nan
2460365.9166666665 320.12504166666656 -19.288080555555556 0.95558 0.33241 105.0402611111111 12.815697222222223 2.083729591 2.99042498 19.33 9.22 nan
2460365.9583333335 320.1419166666666 -19.282538888888887 0.95239 0.33256 98.35269166666666 25.516225 2.084161265 2.99065511 19.33 9.23 nan
2460366.0 320.15870833333327 -19.276994444444444 0.94943 0.33294 91.4407138888889 38.43696111111111 2.084592856 2.99088566 19.33 9.24 nan
2460366.0416666665 320.1754166666666 -19.271438888888888 0.9469 0.33353 83.22959166666666 51.39073888888889 2.085024365 2.99111718 19.33 9.25 nan
2460366.0833333335 320.1921249999999 -19.265875 0.94494 0.33428 71.02546111111111 64.04484444444444 2.085455792 2.99135013 19.34 9.25 nan
2460366.125 320.20879166666657 -19.26029722222222 0.94366 0.33514 44.67839444444444 75.18358055555557 2.085887137 2.99158487 19.34 9.26 nan
2460366.1666666665 320.2254583333333 -19.254702777777776 0.94313 0.33604 340.6354333333333 78.41555000000001 2.0863184 2.9918216 19.34 9.27 nan
2460366.2083333335 320.24212499999993 -19.249097222222222 0.94335 0.33693 298.0922694444444 69.53536388888888 2.086749581 2.99206035 19.34 9.28 nan
2460366.25 320.25875 -19.243475 0.9443 0.33774 281.64779166666665 57.292563888888886 2.08718068 2.99230102 19.34 9.29 nan
2460366.2916666665 320.27545833333335 -19.23783888888889 0.94587 0.3384 272.13570555555555 44.41148888888889 2.087611696 2.99254331 19.34 9.3 nan
2460366.3333333335 320.2921666666667 -19.232194444444442 0.94795 0.33888 264.81241666666665 31.44390277777778 2.088042631 2.99278683 19.34 9.31 nan
2460366.375 320.3089166666667 -19.226544444444443 0.95035 0.33913 258.1204388888889 18.613697222222225 2.088473484 2.99303105 19.34 9.32 nan
2460366.4166666665 320.32570833333335 -19.220891666666667 0.95291 0.33914 251.27836944444445 6.097027777777777 2.088904255 2.99327539 19.34 9.33 nan
2460366.4583333335 320.34254166666665 -19.215241666666667 0.95541 0.3389 243.69188888888888 -5.894641666666666 2.089334944 2.99351922 19.34 9.34 nan
2460366.5 320.3594583333333 -19.20959722222222 0.95767 0.33842 234.74322777777778 -17.053816666666666 2.089765552 2.99376193 19.34 9.35 nan
2460366.5416666665 320.376375 -19.20396111111111 0.9595 0.33774 223.71400555555553 -26.902358333333332 2.090196078 2.99400296 19.34 9.36 nan
2460366.5833333335 320.39329166666664 -19.198338888888888 0.96076 0.3369 209.89605 -34.70986666666667 2.090626522 2.99424185 19.34 9.36 nan
2460366.625 320.41024999999996 -19.192733333333333 0.96134 0.33595 193.12146666666666 -39.50338055555556 2.091056885 2.99447825 19.34 9.37 nan
2460366.6666666665 320.42725 -19.187141666666665 0.96117 0.33496 174.62104166666668 -40.39239444444444 2.091487167 2.99471196 19.34 9.38 nan
2460366.7083333335 320.4441666666666 -19.18156666666667 0.96024 0.33398 156.8615111111111 -37.17794722222222 2.091917366 2.99494295 19.34 9.39 nan
2460366.75 320.461125 -19.176008333333336 0.9586 0.33309 141.74046666666666 -30.526275 2.092347485 2.99517134 19.35 9.4 nan
2460366.7916666665 320.478 -19.17046388888889 0.95633 0.33234 129.59445000000002 -21.440141666666666 2.092777522 2.9953974 19.35 9.41 nan
2460366.8333333335 320.494875 -19.164930555555554 0.95356 0.33178 119.84799444444444 -10.76696388888889 2.093207477 2.99562156 19.35 9.42 nan
2460366.875 320.51166666666666 -19.159402777777775 0.95047 0.33144 111.754725 0.9161861111111111 2.093637351 2.99584432 19.35 9.43 nan
2460366.9166666665 320.52841666666666 -19.153880555555553 0.94723 0.33134 104.65498333333333 13.239263888888889 2.094067144 2.99606628 19.35 9.44 nan
2460366.9583333335 320.5450833333333 -19.148358333333334 0.94404 0.33149 97.95883333333333 25.957377777777776 2.094496855 2.99628807 19.35 9.45 nan
2460367.0 320.5617083333333 -19.142830555555555 0.94111 0.33188 90.99868888888889 38.885891666666666 2.094926485 2.99651029 19.35 9.46 nan
2460367.0416666665 320.57829166666664 -19.137294444444443 0.93861 0.33247 82.66189722222222 51.83411388888889 2.095356033 2.9967335 19.35 9.47 nan
2460367.0833333335 320.5948333333333 -19.131747222222224 0.93668 0.33321 70.11828888888888 64.45190277777778 2.0957855 2.99695817 19.35 9.48 nan
2460367.125 320.6113333333333 -19.12618611111111 0.93543 0.33407 42.66135277777778 75.42744444444445 2.096214885 2.99718463 19.35 9.48 nan
