tests/forcedphot/ephemeris/data/Encke_2024-01-01_00-00-00.000_2024-06-30_23-59-00.000.ecsv
# %ECSV 1.0
# ---
# datatype:
# - {name: datetime, unit: d, datatype: float64, description: Time for the ephemeris data points.}
# - {name: RA_deg, unit: deg, datatype: float64, description: Right Ascension in degrees}
# - {name: DEC_deg, unit: deg, datatype: float64, description: Declination in degrees}
# - {name: RA_rate_arcsec_per_h, unit: arcsec / h, datatype: float64, description: Rate of change in Right Ascension}
# - {name: DEC_rate_arcsec_per_h, unit: arcsec / h, datatype: float64, description: Rate of change in Declination}
# - {name: AZ_deg, unit: deg, datatype: float64, description: Azimuth in degrees}
# - {name: EL_deg, unit: deg, datatype: float64, description: Elevation in degrees}
# - {name: r_au, unit: AU, datatype: float64, description: Heliocentric distance in astronomical units}
# - {name: delta_au, unit: AU, datatype: float64, description: Geocentric distance in astronomical units}
# - {name: V_mag, datatype: float32, description: Visual magnitude}
# - {name: alpha_deg, unit: deg, datatype: float64, description: Phase angle in degrees}
# - {name: RSS_3sigma_arcsec, unit: arcsec, datatype: float64, description: 3-sigma uncertainty in arcseconds}
# schema: astropy-2.0
datetime RA_deg DEC_deg RA_rate_arcsec_per_h DEC_rate_arcsec_per_h AZ_deg EL_deg r_au delta_au V_mag alpha_deg RSS_3sigma_arcsec
[from data line 3591]
2460460.125 342.47912499999995 -10.798302777777778 0.11029 0.053235 276.07640833333335 31.75763611111111 2.887761522 2.7309568 19.84 20.52 nan
2460460.1666666665 342.48099999999994 -10.797416666666667 0.11269 0.053253 268.23787500000003 18.783725 2.888053448 2.73060084 19.84 20.52 nan
2460460.2083333335 342.48295833333333 -10.796527777777778 0.11532 0.053122 260.90050833333333 5.858497222222222 2.888345325 2.7302455 19.84 20.52 nan
2460460.25 342.4849166666666 -10.795644444444445 0.11796 0.052836 253.26968333333335 -6.7987472222222225 2.888637155 2.72989012 19.84 20.51 nan
2460460.2916666665 342.4869583333333 -10.794769444444444 0.1204 0.052401 244.5927166666667 -18.921044444444444 2.888928937 2.72953406 19.84 20.51 nan
2460460.3333333335 342.489 -10.7939 0.12244 0.051831 233.94791944444444 -30.097516666666664 2.889220671 2.72917673 19.84 20.51 nan
2460460.375 342.4910833333333 -10.793041666666667 0.12389 0.05115 220.14836666666665 -39.633091666666665 2.889512357 2.7288176 19.84 20.51 nan
2460460.4166666665 342.49320833333326 -10.792194444444444 0.12462 0.050391 202.11448888888887 -46.39479444444444 2.889803995 2.72845626 19.84 20.51 nan
2460460.4583333335 342.4953333333333 -10.791361111111112 0.12454 0.049591 180.42966944444444 -48.96310833333334 2.890095585 2.72809247 19.84 20.51 nan
2460460.5 342.4974166666666 -10.790541666666666 0.12364 0.048789 158.65951666666666 -46.58003611111111 2.890387127 2.72772613 19.84 20.51 nan
2460460.5416666665 342.49949999999995 -10.789736111111111 0.12192 0.048027 140.4557888888889 -39.953719444444445 2.890678621 2.72735731 19.84 20.5 nan
2460460.5833333335 342.5015416666666 -10.788941666666666 0.11947 0.047341 126.50881111111111 -30.500941666666666 2.890970068 2.72698628 19.84 20.5 nan
2460460.625 342.5035416666666 -10.788155555555555 0.11643 0.046763 115.76534166666667 -19.372480555555555 2.891261466 2.7266134 19.84 20.5 nan
2460460.6666666665 342.5055 -10.787380555555556 0.11296 0.04632 107.03028055555555 -7.277830555555555 2.891552817 2.72623921 19.84 20.5 nan
2460460.7083333335 342.5073749999999 -10.78661111111111 0.10926 0.046025 99.37216666666666 5.364091666666666 2.89184412 2.72586428 19.84 20.5 nan
2460460.75 342.5092083333333 -10.785844444444445 0.10557 0.045885 92.03498055555555 18.282666666666664 2.892135375 2.72548928 19.84 20.49 nan
2460460.7916666665 342.5109583333333 -10.785080555555556 0.10208 0.045894 84.23040555555556 31.258175 2.892426582 2.72511484 19.84 20.49 nan
2460460.8333333335 342.5126666666666 -10.784313888888889 0.099 0.046037 74.79085833333333 44.02699166666667 2.892717741 2.72474157 19.84 20.49 nan
2460460.875 342.5143333333333 -10.783544444444445 0.096512 0.04629 61.365944444444445 56.09321388888889 2.893008852 2.72436999 19.84 20.49 nan
2460460.9166666665 342.5159583333333 -10.782772222222222 0.094746 0.04662 38.49983888888889 66.13432222222222 2.893299915 2.72400048 19.84 20.49 nan
2460460.9583333335 342.5175416666666 -10.781991666666668 0.093787 0.046989 359.459275 70.53664166666667 2.89359093 2.72363331 19.84 20.48 nan
2460461.0 342.5191666666666 -10.781205555555557 0.093665 0.047359 320.7624666666667 65.93415277777778 2.893881897 2.72326856 19.84 20.48 nan
2460461.0416666665 342.52074999999996 -10.780413888888889 0.094353 0.047688 298.2302972222222 55.81253611111111 2.894172816 2.72290615 19.84 20.48 nan
2460461.0833333335 342.5223333333333 -10.779616666666668 0.095766 0.04794 284.95059444444445 43.718469444444445 2.894463688 2.72254582 19.84 20.48 nan
2460461.125 342.52399999999994 -10.77881388888889 0.097771 0.048081 275.5722666666667 30.939683333333335 2.894754511 2.72218719 19.84 20.48 nan
2460461.1666666665 342.5256666666666 -10.77801388888889 0.1002 0.048088 267.7912277777778 17.962066666666665 2.895045286 2.72182974 19.84 20.47 nan
2460461.2083333335 342.52737499999995 -10.77721388888889 0.10284 0.047946 260.45584166666663 5.046561111111111 2.895336014 2.72147287 19.84 20.47 nan
2460461.25 342.5291666666666 -10.776416666666668 0.10548 0.047648 252.7818388888889 -7.586977777777777 2.895626694 2.72111594 19.84 20.47 nan
2460461.2916666665 342.5309583333333 -10.775625000000002 0.1079 0.047201 244.01101666666668 -19.665705555555554 2.895917326 2.72075829 19.84 20.47 nan
2460461.3333333335 342.53283333333326 -10.774844444444446 0.1099 0.046621 233.20537222222222 -30.765669444444445 2.89620791 2.72039934 19.84 20.47 nan
2460461.375 342.5347083333333 -10.774072222222223 0.11131 0.045932 219.16384722222222 -40.16815555555555 2.896498446 2.72003856 19.84 20.47 nan
2460461.4166666665 342.5365833333333 -10.773311111111111 0.11199 0.045166 200.84904444444444 -46.710772222222225 2.896788935 2.71967557 19.84 20.46 nan
2460461.4583333335 342.53849999999994 -10.772566666666668 0.11187 0.044361 179.01918333333336 -48.97798888888889 2.897079376 2.71931012 19.84 20.46 nan
2460461.5 342.5403749999999 -10.771833333333333 0.1109 0.043558 157.38171111111112 -46.29289722222222 2.89736977 2.71894213 19.84 20.46 nan
2460461.5416666665 342.54224999999997 -10.77111388888889 0.10912 0.042796 139.44948055555557 -39.444963888888886 2.897660115 2.71857169 19.84 20.46 nan
2460461.5833333335 342.5440833333333 -10.770405555555556 0.10662 0.042113 125.73921944444444 -29.855883333333335 2.897950413 2.71819905 19.84 20.46 nan
2460461.625 342.5458749999999 -10.769708333333334 0.10353 0.04154 115.15400000000001 -18.647905555555557 2.898240664 2.7178246 19.84 20.45 nan
2460461.6666666665 342.54758333333325 -10.769022222222222 0.10002 0.041103 106.51101111111112 -6.507288888888889 2.898530866 2.71744888 19.84 20.45 nan
2460461.7083333335 342.5492499999999 -10.76833888888889 0.096307 0.040815 98.8939 6.159994444444445 2.898821021 2.71707248 19.84 20.45 nan
2460461.75 342.5508749999999 -10.767658333333333 0.092598 0.040683 91.55124722222222 19.08908611111111 2.899111129 2.71669605 19.84 20.45 nan
2460461.7916666665 342.5524166666666 -10.766980555555556 0.089114 0.040699 83.68325833333334 32.06054722222222 2.899401188 2.71632023 19.84 20.45 nan
2460461.8333333335 342.5538749999999 -10.766302777777778 0.086056 0.040848 74.07928333333334 44.803374999999996 2.8996912 2.71594561 19.84 20.44 nan
2460461.875 342.55533333333324 -10.765619444444445 0.083597 0.041105 60.26528888888889 56.79420555555556 2.899981164 2.71557272 19.84 20.44 nan
2460461.9166666665 342.55674999999997 -10.764930555555555 0.08187 0.041438 36.51969722222222 66.61631388888888 2.90027108 2.71520194 19.84 20.44 nan
2460461.9583333335 342.55812499999996 -10.764236111111112 0.080956 0.041807 356.67858611111114 70.491375 2.900560948 2.71483351 19.84 20.44 nan
2460462.0 342.55949999999996 -10.763536111111112 0.080882 0.042174 318.93054722222223 65.39296666666667 2.900850769 2.71446751 19.84 20.44 nan
2460462.0416666665 342.56087499999995 -10.762830555555556 0.081616 0.042498 297.2263111111111 55.078475000000005 2.901140542 2.71410384 19.84 20.43 nan
2460462.0833333335 342.56224999999995 -10.762122222222223 0.083071 0.042742 284.3001611111111 42.918749999999996 2.901430267 2.71374225 19.84 20.43 nan
2460462.125 342.5636666666666 -10.761408333333334 0.085111 0.042875 275.0688 30.117611111111113 2.901719945 2.71338234 19.84 20.43 nan
2460462.1666666665 342.5651249999999 -10.760691666666666 0.087559 0.042871 267.3415833333333 17.137161111111112 2.902009574 2.71302357 19.84 20.43 nan
2460462.2083333335 342.5666666666666 -10.759977777777777 0.090212 0.042716 260.00539444444445 4.232261111111111 2.902299156 2.71266535 19.84 20.42 nan
2460462.25 342.56820833333325 -10.759269444444444 0.09285 0.042407 252.28515 -8.37635 2.902588691 2.71230703 19.84 20.42 nan
2460462.2916666665 342.5697916666666 -10.758566666666667 0.095256 0.041949 243.41631944444444 -20.40954722222222 2.902878178 2.71194797 19.84 20.42 nan
2460462.3333333335 342.5714166666666 -10.757872222222222 0.097228 0.041358 232.44406111111113 -31.429647222222222 2.903167617 2.71158758 19.84 20.42 nan
2460462.375 342.5730833333333 -10.757188888888889 0.098595 0.040659 218.1544861111111 -40.69345555555555 2.903457009 2.71122534 19.84 20.42 nan
2460462.4166666665 342.5747916666666 -10.756516666666666 0.099224 0.039887 199.55956666666668 -47.00946388888889 2.903746353 2.71086088 19.84 20.41 nan
2460462.4583333335 342.5764583333333 -10.755858333333334 0.099037 0.039078 177.60064722222222 -48.97054444444445 2.90403565 2.71049395 19.84 20.41 nan
2460462.5 342.57812499999994 -10.755213888888889 0.098009 0.038273 156.1130472222222 -45.9852 2.904324899 2.71012449 19.84 20.41 nan
2460462.5416666665 342.5797916666666 -10.754583333333333 0.096173 0.037512 138.45611944444443 -38.9206 2.904614101 2.70975259 19.84 20.41 nan
2460462.5833333335 342.5813749999999 -10.753963888888888 0.093618 0.036832 124.9794611111111 -29.19921666666667 2.904903255 2.70937853 19.84 20.41 nan
2460462.625 342.5829583333333 -10.753352777777778 0.090481 0.036265 114.54870555555556 -17.914213888888888 2.905192362 2.7090027 19.84 20.4 nan
2460462.6666666665 342.58445833333326 -10.752752777777777 0.086941 0.035834 105.99471666666666 -5.729144444444445 2.905481421 2.70862564 19.84 20.4 nan
2460462.7083333335 342.5859166666666 -10.752158333333334 0.083202 0.035554 98.415925 6.962472222222223 2.905770433 2.70824794 19.84 20.4 nan
2460462.75 342.5872916666666 -10.751566666666667 0.079485 0.035428 91.06475 19.901205555555553 2.906059397 2.70787027 19.84 20.4 nan
2460462.7916666665 342.58858333333325 -10.750977777777777 0.076006 0.035452 83.1285361111111 32.867525 2.906348314 2.70749325 19.84 20.4 nan
2460462.8333333335 342.58987499999995 -10.750383333333334 0.072966 0.035607 73.35026666666666 45.58231388888889 2.906637183 2.70711748 19.84 20.39 nan
2460462.875 342.5910833333333 -10.749788888888888 0.070539 0.035869 59.12354722222222 57.49236111111111 2.906926005 2.70674347 19.84 20.39 nan
2460462.9166666665 342.59225 -10.749188888888888 0.068851 0.036203 34.45776666666667 67.07931944444444 2.907214779 2.7063716 19.84 20.39 nan
2460462.9583333335 342.5934166666666 -10.748580555555554 0.067983 0.036573 353.89901944444443 70.4083138888889 2.907503505 2.7060021 19.84 20.39 nan
2460463.0 342.5945833333333 -10.747969444444443 0.067957 0.036938 317.1571861111111 64.83134166666666 2.907792184 2.70563503 19.84 20.38 nan
2460463.0416666665 342.5957499999999 -10.747349999999999 0.068738 0.037257 296.2464361111111 54.33535555555556 2.908080816 2.7052703 19.84 20.38 nan
2460463.0833333335 342.59691666666663 -10.746727777777776 0.070235 0.037493 283.6570277777777 42.11352222222222 2.908369399 2.70490762 19.84 20.38 nan
2460463.125 342.5981249999999 -10.746099999999998 0.072309 0.037616 274.56575833333335 29.291422222222224 2.908657936 2.7045466 19.84 20.38 nan
2460463.1666666665 342.59937499999995 -10.745474999999999 0.074781 0.037601 266.88874166666665 16.309019444444445 2.908946424 2.7041867 19.84 20.37 nan
2460463.2083333335 342.60066666666665 -10.744847222222221 0.077444 0.037435 259.54893333333337 3.4156388888888887 2.909234865 2.70382732 19.84 20.37 nan
2460463.25 342.6019999999999 -10.744227777777777 0.080078 0.037113 251.77929722222223 -9.166769444444444 2.909523259 2.70346781 19.84 20.37 nan
2460463.2916666665 342.60337499999997 -10.743611111111111 0.082466 0.036643 242.80815555555557 -21.152380555555553 2.909811606 2.70310752 19.84 20.37 nan
2460463.3333333335 342.6047916666666 -10.743005555555555 0.084406 0.036042 231.66336111111113 -32.08909722222222 2.910099905 2.70274587 19.84 20.36 nan
2460463.375 342.60624999999993 -10.74241111111111 0.08573 0.035335 217.11975833333335 -41.20840555555556 2.910388157 2.70238235 19.84 20.36 nan
2460463.4166666665 342.6077083333333 -10.741827777777777 0.086307 0.034556 198.24643333333333 -47.290188888888885 2.910676361 2.7020166 19.84 20.36 nan
2460463.4583333335 342.60916666666657 -10.741258333333333 0.086062 0.033743 176.1754388888889 -48.940436111111104 2.910964518 2.70164838 19.84 20.36 nan
2460463.5 342.6106249999999 -10.740702777777777 0.084973 0.032936 154.85436666666666 -45.657019444444444 2.911252628 2.70127764 19.84 20.36 nan
2460463.5416666665 342.61204166666664 -10.74016111111111 0.083078 0.032176 137.4758 -38.380786111111114 2.91154069 2.70090448 19.84 20.35 nan
2460463.5833333335 342.61341666666664 -10.739630555555555 0.080469 0.031499 124.22939444444445 -28.531044444444444 2.911828706 2.70052919 19.84 20.35 nan
2460463.625 342.61474999999996 -10.73911111111111 0.077286 0.030937 113.94930555555555 -17.171436111111113 2.912116674 2.70015217 19.84 20.35 nan
2460463.6666666665 342.6160416666666 -10.738597222222221 0.073711 0.030513 105.48125 -4.9434000000000005 2.912404594 2.69977395 19.84 20.35 nan
2460463.7083333335 342.61724999999996 -10.738091666666666 0.069951 0.03024 97.938075 7.771541666666667 2.912692468 2.69939516 19.84 20.34 nan
2460463.75 342.61841666666663 -10.737588888888888 0.066226 0.030123 90.57523333333333 20.719033333333332 2.912980294 2.69901643 19.84 20.34 nan
2460463.7916666665 342.61949999999996 -10.737086111111111 0.062753 0.030154 82.56575555555555 33.67908333333333 2.913268072 2.69863841 19.84 20.34 nan
2460463.8333333335 342.6205416666666 -10.736583333333332 0.059734 0.030316 72.60269444444444 46.36365833333333 2.913555804 2.69826168 19.84 20.34 nan
2460463.875 342.62154166666664 -10.736075 0.057338 0.030582 57.93799722222222 58.18709444444444 2.913843488 2.69788675 19.84 20.33 nan
2460463.9166666665 342.62249999999995 -10.735563888888889 0.055691 0.030919 32.311838888888886 67.52159999999999 2.914131124 2.69751398 19.84 20.33 nan
2460463.9583333335 342.62341666666657 -10.735044444444444 0.05487 0.031289 351.13007500000003 70.28729444444444 2.914418713 2.6971436 19.84 20.33 nan
2460464.0 342.624375 -10.734519444444445 0.054893 0.03165 315.44082777777777 64.250125 2.914706255 2.69677566 19.84 20.33 nan
2460464.0416666665 342.6252916666666 -10.733988888888888 0.055721 0.031964 295.2893833333334 53.58339166666667 2.914993749 2.69641005 19.84 20.32 nan
2460464.0833333335 342.6262499999999 -10.733455555555555 0.05726 0.032193 283.02069166666666 41.30282222222222 2.915281196 2.69604649 19.84 20.32 nan
2460464.125 342.62724999999995 -10.732916666666666 0.059368 0.032306 274.06288333333333 28.461119444444442 2.915568596 2.69568455 19.84 20.32 nan
2460464.1666666665 342.6282916666666 -10.732377777777778 0.061862 0.032281 266.4325 15.477658333333334 2.915855948 2.69532371 19.84 20.31 nan
2460464.2083333335 342.62933333333325 -10.731841666666666 0.064534 0.032103 259.0862222222222 2.5967333333333333 2.916143253 2.69496336 19.84 20.31 nan
2460464.25 342.63045833333325 -10.731308333333333 0.067164 0.031769 251.2639472222222 -9.958141666666666 2.916430511 2.69460284 19.84 20.31 nan
2460464.2916666665 342.63162499999993 -10.730783333333333 0.069533 0.031288 242.18605 -21.894005555555555 2.916717722 2.69424151 19.84 20.31 nan
2460464.3333333335 342.6328333333333 -10.730266666666667 0.071441 0.030676 230.86264166666666 -32.743655555555556 2.917004885 2.6938788 19.84 20.3 nan
2460464.375 342.63404166666663 -10.729761111111111 0.072721 0.029961 216.0591611111111 -41.712411111111116 2.917292002 2.6935142 19.84 20.3 nan
2460464.4166666665 342.6352916666666 -10.729269444444444 0.073245 0.029175 196.91011666666668 -47.55226388888889 2.917579071 2.69314735 19.84 20.3 nan
2460464.4583333335 342.6365416666666 -10.72878888888889 0.072941 0.028358 174.74496944444442 -48.88735 2.917866093 2.69277804 19.84 20.3 nan
2460464.5 342.6377499999999 -10.728322222222223 0.071792 0.02755 153.60645833333334 -45.30846388888889 2.918153068 2.69240621 19.84 20.3 nan
2460464.5416666665 342.6389583333333 -10.727869444444444 0.069837 0.02679 136.5085777777778 -37.82568611111112 2.918439996 2.69203199 19.84 20.29 nan
2460464.5833333335 342.64012499999995 -10.727430555555555 0.067174 0.026117 123.48887222222223 -27.851455555555557 2.918726877 2.69165566 19.84 20.29 nan
2460464.625 342.64124999999996 -10.727 0.063946 0.02556 113.35564444444444 -16.419616666666666 2.919013711 2.69127764 19.84 20.29 nan
