tests/forcedphot/ephemeris/data/Encke_2024-01-01_00-00-00.000_2024-06-30_23-59-00.000.ecsv
# %ECSV 1.0
# ---
# datatype:
# - {name: datetime, unit: d, datatype: float64, description: Time for the ephemeris data points.}
# - {name: RA_deg, unit: deg, datatype: float64, description: Right Ascension in degrees}
# - {name: DEC_deg, unit: deg, datatype: float64, description: Declination in degrees}
# - {name: RA_rate_arcsec_per_h, unit: arcsec / h, datatype: float64, description: Rate of change in Right Ascension}
# - {name: DEC_rate_arcsec_per_h, unit: arcsec / h, datatype: float64, description: Rate of change in Declination}
# - {name: AZ_deg, unit: deg, datatype: float64, description: Azimuth in degrees}
# - {name: EL_deg, unit: deg, datatype: float64, description: Elevation in degrees}
# - {name: r_au, unit: AU, datatype: float64, description: Heliocentric distance in astronomical units}
# - {name: delta_au, unit: AU, datatype: float64, description: Geocentric distance in astronomical units}
# - {name: V_mag, datatype: float32, description: Visual magnitude}
# - {name: alpha_deg, unit: deg, datatype: float64, description: Phase angle in degrees}
# - {name: RSS_3sigma_arcsec, unit: arcsec, datatype: float64, description: 3-sigma uncertainty in arcseconds}
# schema: astropy-2.0
datetime RA_deg DEC_deg RA_rate_arcsec_per_h DEC_rate_arcsec_per_h AZ_deg EL_deg r_au delta_au V_mag alpha_deg RSS_3sigma_arcsec
[from data line 908]
2460348.3333333335 312.3585833333333 -21.702852777777778 1.11 0.35139 266.4678722222222 40.86302222222222 1.893881649 2.85877511 19.03 5.22 nan
2460348.375 312.3785416666666 -21.696991666666666 1.1122 0.35191 259.9326305555556 27.983608333333333 1.894350544 2.85916662 19.03 5.23 nan
2460348.4166666665 312.39849999999996 -21.691125 1.1148 0.35216 253.52764444444446 15.35681111111111 1.894819344 2.85955862 19.03 5.24 nan
2460348.4583333335 312.41849999999994 -21.685255555555557 1.1174 0.35211 246.65706111111112 3.155597222222222 1.895288048 2.85995054 19.03 5.25 nan
2460348.5 312.43858333333327 -21.67938888888889 1.1199 0.35178 238.79104999999998 -8.383194444444445 1.895756659 2.86034176 19.03 5.26 nan
2460348.5416666665 312.45870833333333 -21.67353055555556 1.122 0.35118 229.34216666666669 -18.903144444444443 1.896225174 2.86073169 19.03 5.27 nan
2460348.5833333335 312.4788333333333 -21.667686111111113 1.1237 0.35035 217.66309166666667 -27.859608333333334 1.896693594 2.8611198 19.03 5.28 nan
2460348.625 312.49899999999997 -21.661855555555555 1.1247 0.34936 203.2755027777778 -34.47244444444445 1.89716192 2.86150568 19.03 5.29 nan
2460348.6666666665 312.5191666666666 -21.656041666666667 1.125 0.34826 186.473625 -37.830911111111114 1.897630152 2.86188904 19.03 5.3 nan
2460348.7083333335 312.5393333333333 -21.65024722222222 1.1245 0.34714 168.85367222222223 -37.30385833333333 1.898098289 2.86226973 19.04 5.31 nan
2460348.75 312.55949999999996 -21.644469444444443 1.1232 0.34606 152.589125 -32.99958888888889 1.898566331 2.86264777 19.04 5.32 nan
2460348.7916666665 312.5796249999999 -21.63871111111111 1.1212 0.34511 138.93348055555555 -25.677283333333335 1.899034279 2.86302334 19.04 5.33 nan
2460348.8333333335 312.5996666666666 -21.632963888888888 1.1186 0.34435 127.90200277777778 -16.239647222222224 1.899502133 2.86339676 19.04 5.33 nan
2460348.875 312.6197083333333 -21.627230555555556 1.1155 0.34382 118.92801666666666 -5.404936111111112 1.899969892 2.86376847 19.04 5.34 nan
2460348.9166666665 312.6396666666666 -21.621502777777778 1.1121 0.34357 111.36977777777777 6.338805555555555 1.900437556 2.86413901 19.04 5.35 nan
2460348.9583333335 312.6595833333333 -21.61577777777778 1.1086 0.3436 104.65932500000001 18.67288611111111 1.900905127 2.86450899 19.04 5.36 nan
2460349.0 312.6794166666666 -21.610047222222224 1.1053 0.34392 98.26316388888888 31.381869444444444 1.901372602 2.86487901 19.04 5.37 nan
2460349.0416666665 312.6992083333333 -21.604311111111112 1.1023 0.34451 91.52050833333334 44.30035833333333 1.901839984 2.86524965 19.04 5.38 nan
2460349.0833333335 312.71895833333326 -21.598563888888886 1.0998 0.34532 83.17519444444444 57.25188333333333 1.90230727 2.86562145 19.04 5.39 nan
2460349.125 312.73866666666663 -21.5928 1.098 0.34629 69.34088888888888 69.86694444444444 1.902774463 2.86599482 19.04 5.4 nan
2460349.1666666665 312.75833333333327 -21.587019444444444 1.0969 0.34737 29.773030555555554 80.144625 1.903241561 2.86637004 19.04 5.41 nan
2460349.2083333335 312.7779583333333 -21.581222222222223 1.0966 0.34847 312.3276472222222 77.66706944444445 1.903708564 2.86674727 19.04 5.42 nan
2460349.25 312.797625 -21.575405555555555 1.0971 0.34952 285.4140222222222 66.13438055555557 1.904175473 2.86712647 19.05 5.43 nan
2460349.2916666665 312.8172916666666 -21.569572222222224 1.0983 0.35045 274.05188333333336 53.34297777777778 1.904642288 2.86750747 19.05 5.44 nan
2460349.3333333335 312.837 -21.563725 1.1001 0.35119 266.4057305555555 40.37365 1.905109009 2.86788994 19.05 5.45 nan
2460349.375 312.85675000000003 -21.557866666666666 1.1023 0.35169 259.8612805555556 27.49585 1.905575635 2.86827344 19.05 5.46 nan
2460349.4166666665 312.87649999999996 -21.55200277777778 1.1049 0.35192 253.43400555555556 14.873166666666668 1.906042167 2.86865743 19.05 5.47 nan
2460349.4583333335 312.89633333333336 -21.54613888888889 1.1075 0.35186 246.5289277777778 2.680308333333333 1.906508605 2.8690413 19.05 5.48 nan
2460349.5 312.9162083333333 -21.540277777777778 1.11 0.35152 238.61231944444444 -8.842797222222222 1.906974949 2.86942445 19.05 5.49 nan
2460349.5416666665 312.936125 -21.534422222222222 1.1121 0.35091 229.090325 -19.33445833333333 1.9074412 2.86980629 19.05 5.49 nan
2460349.5833333335 312.95604166666664 -21.528580555555553 1.1138 0.35008 217.31039722222224 -28.24165277777778 1.907907356 2.87018629 19.05 5.5 nan
2460349.625 312.976 -21.522755555555555 1.1148 0.34909 202.8015638888889 -34.77398888888889 1.908373419 2.87056405 19.05 5.51 nan
2460349.6666666665 312.996 -21.516944444444444 1.115 0.348 185.8944611111111 -38.01666111111111 1.908839387 2.87093927 19.05 5.52 nan
2460349.7083333335 313.01595833333334 -21.511155555555554 1.1145 0.34689 168.23632777777777 -37.35322777777778 1.909305263 2.87131182 19.05 5.53 nan
2460349.75 313.03591666666665 -21.505383333333334 1.1132 0.34582 152.00847777777778 -32.92053611111111 1.909771044 2.87168172 19.06 5.54 nan
2460349.7916666665 313.0558333333333 -21.49962777777778 1.1111 0.34488 138.42403055555553 -25.496544444444446 1.910236732 2.87204915 19.06 5.55 nan
2460349.8333333335 313.07570833333335 -21.493886111111113 1.1085 0.34413 127.46113333333334 -15.985494444444443 1.910702326 2.87241444 19.06 5.56 nan
2460349.875 313.09554166666663 -21.488155555555558 1.1054 0.34361 118.53799722222222 -5.099419444444444 1.911167827 2.87277803 19.06 5.57 nan
2460349.9166666665 313.1153333333333 -21.482430555555553 1.102 0.34337 111.009825 6.680086111111112 1.911633234 2.87314048 19.06 5.58 nan
2460349.9583333335 313.1350416666666 -21.47670833333333 1.0986 0.34341 104.30782222222221 19.038830555555556 1.912098547 2.87350238 19.06 5.59 nan
2460350.0 313.1546666666666 -21.470983333333333 1.0953 0.34373 97.89405277777779 31.76378888888889 1.912563767 2.87386433 19.06 5.6 nan
2460350.0416666665 313.17425 -21.46525 1.0924 0.34432 91.09218055555554 44.68971666666666 1.913028893 2.87422694 19.06 5.61 nan
2460350.0833333335 313.19379166666664 -21.459505555555555 1.0899 0.34512 82.59414166666666 57.635777777777776 1.913493925 2.87459071 19.06 5.62 nan
2460350.125 313.21329166666663 -21.453744444444443 1.0881 0.34609 68.29159444444444 70.20901666666667 1.913958864 2.87495607 19.06 5.63 nan
2460350.1666666665 313.2327916666666 -21.447966666666666 1.087 0.34715 26.90836388888889 80.22948055555555 1.914423709 2.87532329 19.06 5.64 nan
2460350.2083333335 313.25225 -21.442172222222222 1.0868 0.34824 311.19135 77.23720555555556 1.914888461 2.87569251 19.06 5.65 nan
2460350.25 313.27170833333327 -21.43636111111111 1.0873 0.34928 285.20046388888886 65.64623333333334 1.915353119 2.8760637 19.07 5.66 nan
2460350.2916666665 313.29116666666664 -21.430530555555556 1.0885 0.35019 273.96739444444444 52.84950833333333 1.915817684 2.87643669 19.07 5.67 nan
2460350.3333333335 313.31066666666663 -21.42468888888889 1.0903 0.35091 266.33991944444443 39.87995 1.916282155 2.87681114 19.07 5.68 nan
2460350.375 313.3302083333333 -21.418836111111112 1.0926 0.3514 259.7864666666667 27.003875 1.916746533 2.87718659 19.07 5.68 nan
2460350.4166666665 313.3497916666666 -21.412977777777776 1.0951 0.35161 253.3367861111111 14.385516666666666 1.917210817 2.87756251 19.07 5.69 nan
2460350.4583333335 313.3694166666666 -21.407116666666667 1.0977 0.35154 246.39671666666666 2.2013611111111113 1.917675008 2.8779383 19.07 5.7 nan
2460350.5 313.3890833333333 -21.40126111111111 1.1002 0.35119 238.42855277777778 -9.305502777777779 1.918139106 2.87831334 19.07 5.71 nan
2460350.5416666665 313.4087916666666 -21.39541111111111 1.1023 0.35058 228.8319138888889 -19.767952777777776 1.918603111 2.87868704 19.07 5.72 nan
2460350.5833333335 313.4285416666666 -21.389575 1.1039 0.34975 216.94913055555557 -28.624377777777777 1.919067023 2.8790589 19.07 5.73 nan
2460350.625 313.44833333333327 -21.383755555555556 1.1049 0.34876 202.3174111111111 -35.07401388888889 1.919530842 2.87942849 19.07 5.74 nan
2460350.6666666665 313.46812499999993 -21.37795277777778 1.1051 0.34767 185.30550000000002 -38.19837777777777 1.919994568 2.87979553 19.07 5.75 nan
2460350.7083333335 313.487875 -21.37216666666667 1.1046 0.34657 167.61209444444444 -37.396724999999996 1.920458201 2.8801599 19.07 5.76 nan
2460350.75 313.5076249999999 -21.366400000000002 1.1033 0.34551 151.42411944444444 -32.834986111111114 1.920921741 2.88052161 19.07 5.77 nan
2460350.7916666665 313.52737499999995 -21.36065 1.1012 0.34458 137.912675 -25.309480555555556 1.921385189 2.88088087 19.08 5.78 nan
2460350.8333333335 313.5470416666666 -21.35491111111111 1.0986 0.34384 127.01896944444444 -15.725430555555556 1.921848543 2.88123799 19.08 5.79 nan
2460350.875 313.5666666666666 -21.34918611111111 1.0955 0.34333 118.14665833333333 -4.788402777777778 1.922311805 2.88159343 19.08 5.8 nan
2460350.9166666665 313.58624999999995 -21.343466666666664 1.0921 0.3431 110.64818055555556 7.026502777777778 1.922774974 2.88194774 19.08 5.81 nan
2460350.9583333335 313.60574999999994 -21.33774722222222 1.0887 0.34314 103.95390833333333 19.409569444444443 1.92323805 2.88230152 19.08 5.82 nan
2460351.0 313.6252083333333 -21.33202777777778 1.0854 0.34347 97.52123611111111 32.150127777777776 1.923701034 2.88265539 19.08 5.83 nan
2460351.0416666665 313.64462499999996 -21.326297222222223 1.0825 0.34406 90.65745277777778 45.082952777777784 1.924163924 2.88300992 19.08 5.84 nan
2460351.0833333335 313.6639583333333 -21.320558333333334 1.0801 0.34486 81.99966388888889 58.022438888888885 1.924626722 2.88336563 19.08 5.85 nan
2460351.125 313.68324999999993 -21.31480277777778 1.0783 0.34582 67.20330277777778 70.55012222222221 1.925089427 2.88372293 19.08 5.86 nan
2460351.1666666665 313.7025416666666 -21.309030555555555 1.0773 0.34687 23.976030555555553 80.29352777777778 1.925552039 2.88408211 19.08 5.87 nan
2460351.2083333335 313.7217916666666 -21.303238888888888 1.077 0.34795 310.10687222222225 76.80024444444444 1.926014558 2.8844433 19.08 5.88 nan
2460351.25 313.7410833333332 -21.297433333333334 1.0775 0.34897 284.9856833333333 65.15383611111112 1.926476985 2.88480645 19.08 5.89 nan
2460351.2916666665 313.760375 -21.291608333333336 1.0788 0.34986 273.8790055555556 52.351758333333336 1.926939319 2.88517139 19.09 5.89 nan
2460351.3333333335 313.7796666666666 -21.285772222222224 1.0806 0.35057 266.2704694444444 39.38198888888889 1.92740156 2.88553777 19.09 5.9 nan
2460351.375 313.799 -21.279925 1.0829 0.35104 259.7081972222222 26.50776388888889 1.927863709 2.88590515 19.09 5.91 nan
2460351.4166666665 313.8184166666667 -21.27407222222222 1.0854 0.35124 253.23596944444444 13.893944444444443 1.928325765 2.88627297 19.09 5.92 nan
2460351.4583333335 313.8378333333333 -21.268219444444444 1.088 0.35116 246.26038888888888 1.7188416666666668 1.928787729 2.88664063 19.09 5.93 nan
2460351.5 313.8573333333333 -21.262369444444445 1.0905 0.35079 238.23968055555554 -9.771211111111112 1.9292496 2.88700753 19.09 5.94 nan
2460351.5416666665 313.8768333333333 -21.256527777777777 1.0926 0.35018 228.56683055555555 -20.203505555555555 1.929711379 2.88737307 19.09 5.95 nan
2460351.5833333335 313.89641666666665 -21.25069722222222 1.0942 0.34935 216.57916666666665 -29.007627777777778 1.930173066 2.88773674 19.09 5.96 nan
2460351.625 313.916 -21.244883333333334 1.0952 0.34836 201.82295555555555 -35.37232222222222 1.930634661 2.88809813 19.09 5.97 nan
2460351.6666666665 313.9355833333333 -21.239086111111114 1.0954 0.34728 184.7067972222222 -38.37585277777778 1.931096163 2.88845696 19.09 5.98 nan
2460351.7083333335 313.9551666666667 -21.233308333333333 1.0948 0.34618 166.9811611111111 -37.43419166666666 1.931557574 2.88881311 19.09 5.99 nan
2460351.75 313.97470833333335 -21.22754722222222 1.0934 0.34513 150.8362638888889 -32.74285555555556 1.932018892 2.88916661 19.09 6.0 nan
2460351.7916666665 313.99424999999997 -21.221802777777775 1.0914 0.34422 137.39958055555556 -25.11606111111111 1.932480118 2.88951765 19.09 6.01 nan
2460351.8333333335 314.01374999999996 -21.21607222222222 1.0887 0.34348 126.575625 -15.459455555555556 1.932941253 2.88986658 19.1 6.02 nan
2460351.875 314.03316666666666 -21.21035277777778 1.0856 0.34299 117.75407222222222 -4.471911111111111 1.933402295 2.89021384 19.1 6.03 nan
2460351.9166666665 314.0525416666666 -21.204638888888887 1.0823 0.34276 110.28487777777778 7.378019444444444 1.933863246 2.89055998 19.1 6.04 nan
2460351.9583333335 314.071875 -21.198925 1.0789 0.34281 103.59759722222222 19.785061111111112 1.934324104 2.89090562 19.1 6.05 nan
2460352.0 314.091125 -21.193208333333335 1.0756 0.34315 97.144675 32.54083611111111 1.93478487 2.89125136 19.1 6.06 nan
2460352.0416666665 314.1103333333333 -21.187486111111113 1.0727 0.34373 90.21616666666667 45.47999444444444 1.935245545 2.89159778 19.1 6.07 nan
2460352.0833333335 314.1294583333333 -21.18175 1.0703 0.34453 81.39123611111111 58.41173055555556 1.935706127 2.8919454 19.1 6.08 nan
2460352.125 314.1485833333333 -21.176000000000002 1.0686 0.34548 66.07401388888889 70.88984166666667 1.936166617 2.89229463 19.1 6.09 nan
2460352.1666666665 314.16766666666666 -21.170233333333336 1.0676 0.34653 20.986877777777778 80.3356861111111 1.936627015 2.89264574 19.1 6.1 nan
2460352.2083333335 314.18674999999996 -21.16445 1.0674 0.34759 309.07045 76.35645555555556 1.937087322 2.89299886 19.1 6.11 nan
2460352.25 314.20583333333326 -21.15864722222222 1.0679 0.34859 284.76973055555555 64.6572388888889 1.937547536 2.89335395 19.1 6.11 nan
2460352.2916666665 314.2249166666666 -21.152830555555553 1.0692 0.34947 273.7868 51.849786111111115 1.938007658 2.89371081 19.1 6.12 nan
2460352.3333333335 314.2440416666666 -21.147 1.071 0.35016 266.1974083333333 38.87983333333333 1.938467689 2.8940691 19.1 6.13 nan
2460352.375 314.26320833333324 -21.14116111111111 1.0733 0.35061 259.62646666666666 26.007575 1.938927628 2.89442837 19.11 6.14 nan
2460352.4166666665 314.2824166666666 -21.135316666666665 1.0759 0.3508 253.13153333333335 13.398519444444444 1.939387475 2.89478806 19.11 6.15 nan
2460352.4583333335 314.3016666666666 -21.129469444444446 1.0785 0.3507 246.11990555555556 1.232825 1.93984723 2.89514758 19.11 6.16 nan
2460352.5 314.32095833333324 -21.123627777777777 1.0809 0.35033 238.04563333333334 -10.239830555555555 1.940306894 2.8955063 19.11 6.17 nan
2460352.5416666665 314.3402916666666 -21.117791666666665 1.083 0.34971 228.294975 -20.64100277777778 1.940766467 2.89586364 19.11 6.18 nan
2460352.5833333335 314.3596666666666 -21.111972222222224 1.0846 0.34888 216.20037499999998 -29.39125 1.941225948 2.8962191 19.11 6.19 nan
2460352.625 314.37904166666664 -21.10616388888889 1.0855 0.34789 201.31810555555555 -35.66871666666666 1.941685337 2.89657226 19.11 6.2 nan
2460352.6666666665 314.3984166666666 -21.100375 1.0857 0.34682 184.09840277777778 -38.548880555555556 1.942144635 2.89692286 19.11 6.21 nan
2460352.7083333335 314.4178333333333 -21.094605555555553 1.0851 0.34572 166.34372222222223 -37.465475000000005 1.942603842 2.89727077 19.11 6.22 nan
2460352.75 314.4372083333333 -21.088849999999997 1.0837 0.34469 150.24511944444444 -32.644058333333334 1.943062958 2.89761603 19.11 6.23 nan
2460352.7916666665 314.4565416666666 -21.08311388888889 1.0817 0.34378 136.88490277777777 -24.916252777777775 1.943521982 2.89795884 19.11 6.24 nan
2460352.8333333335 314.4758333333333 -21.077391666666667 1.079 0.34306 126.13120277777777 -15.187569444444446 1.943980916 2.89829954 19.11 6.25 nan
2460352.875 314.4950833333333 -21.07167777777778 1.0759 0.34258 117.36030833333332 -4.149955555555556 1.944439758 2.89863859 19.11 6.26 nan
2460352.9166666665 314.51424999999995 -21.065969444444445 1.0726 0.34236 109.91996111111112 7.734613888888889 1.944898508 2.89897655 19.12 6.27 nan
2460352.9583333335 314.5333749999999 -21.06026388888889 1.0692 0.34242 103.23889166666667 20.165266666666664 1.945357168 2.89931401 19.12 6.28 nan
2460353.0 314.5524583333333 -21.054555555555556 1.0659 0.34276 96.76431666666667 32.93585833333333 1.945815736 2.8996516 19.12 6.29 nan
